0.22997
0.22997
0.22996
0.23015
0.23027
0.23041
0.23043
0.23087
0.23087
0.23087
0.23096
0.23096
0.23109
0.2312
0.23133
0.23152
0.23152
0.23164
0.23176
0.23185
0.23213
0.23213
0.23216
0.2323
0.23276
0.23276
0.23279
0.23293
0.23298
0.23305
0.23305
0.23303
0.23316
0.23326
0.23346
0.23363
0.23398
0.234
0.23413
0.23429
0.23437
0.23443
0.23458
0.23469
0.23481
0.23498
0.23509
0.23518
0.23515
0.23519
0.23525
0.23543
0.23554
0.23571
0.23583
0.23623
0.23631
0.23633
0.23657
0.23657
0.23667
0.23664
0.23675
0.23689
0.237
0.23683
0.23697
0.23707
0.23723
0.23725
0.23721
0.23729
0.2373
0.23739
0.23745
0.23754
0.23789
0.23807
0.23812
0.23823
0.23864
0.2387
0.23886
0.23893
0.23905
0.23918
0.23925
0.23936
0.23941
0.23951
0.23995
0.24002
0.24033
0.24041
0.24044
0.2405
0.24042
0.24032
0.24042
0.24054
0.24059
0.24066
0.24073
0.24089
0.24087
0.24082
0.24074
0.2408
0.24064
0.24069
0.24076
0.24092
0.24101
0.24106
0.24116
0.24122
0.24123
0.24132
0.24119
0.24138
0.24144
0.2414
0.24152
0.24143
0.24162
0.24162
0.24158
0.24162
0.24169
0.24171
0.24162
0.24167
0.24171
0.24181
0.24185
0.24193
0.24184
0.24186
0.24188
0.242
0.24171
0.24195
0.2422
0.24237
0.24232
0.24241
0.24256
0.24263
0.24252
0.24259
0.24269
0.24257
0.24234
0.24239
0.24256
0.24259
0.24261
0.24268
0.24266
0.24273
0.24279
0.24279
0.24284
0.243
0.24303
0.24303
0.24306
0.24322
0.24332
0.24332
0.24328
0.24329
0.24314
0.24322
0.24305
0.2433
0.24345
0.2435
0.24352
0.24355
0.24365
0.24371
0.24375
0.24392
0.24398
0.24407
0.24418
0.24435
0.24446
0.24456
0.24468
0.24467
0.2448
0.24498
0.24503
0.24507
0.24484
0.24483
0.24494
0.24492
0.24497
0.24485
0.245
0.24502
0.24481
0.245
0.24522
0.24491
0.24513
0.24535
0.24545
0.24548
0.24558
0.24566
0.24514
0.24488
0.24479
0.24488
0.24522
0.24536
0.24541
0.24541
0.24575
0.24579
0.24582
0.24567
0.24571
0.24574
0.24592
0.24604
0.24618
0.24625
0.24643
0.24652
0.24666
0.2467
0.24663
0.24687
0.24697
0.24712
0.24732
0.24688
0.24718
0.24715
0.24686
0.24696
0.24691
0.24691
0.24671
0.24675
0.24678
0.24685
0.24633
0.24641
0.24641
0.24652
0.24657
0.24658
0.24697
0.24711
0.24701
0.24731
0.24755
0.24725
0.24718
0.24717
0.24733
0.24747
0.24737
0.24745
0.24723
0.24713
0.24718
0.24713
0.24721
0.24728
0.24731
0.24723
0.24686
0.24667
0.24674
0.24693
0.24628
0.24628
0.246
0.24578
0.24555
0.24543
0.24548
0.24578
0.24606
0.24641
0.24631
0.24639
0.24624
0.2457
0.24557
0.24532
0.24562
0.2454
0.24558
0.24555
0.24538
0.24496
0.24492
0.24509
0.24525
0.2456
0.24575
0.24518
0.24546
0.2455
0.24543
0.24534
0.24568
0.24583
0.24584
0.2459
0.24578
0.24639
0.24651
0.24647
0.24639
0.24655
0.24657
0.24652
0.24696
0.24701
0.24685
0.24698
0.24723
0.24752
0.24789
0.24797
0.24712
0.2474
0.24778
0.24819
0.24814
0.24841
0.24865
0.24891
0.24916
0.24901
0.24916
0.24918
0.24887
0.24937
0.24928
0.24968
0.24975
0.24976
0.24943
0.24926
0.24899
0.24911
0.24946
0.24955
0.24978
0.24991
0.25017
0.25058
0.25064
0.25046
0.25044
0.25096
0.25012
0.25017
0.25066
0.25074
0.25066
0.25087
0.2513
0.25075
0.25076
0.25083
0.25098
0.25009
0.25026
0.25047
0.25063
0.25058
0.25021
0.25033
0.25085
0.25098
0.25126
0.2516
0.25172
0.25186
0.25197
0.25225
0.2521
0.25205
0.25211
0.25292
0.25311
0.25333
0.25355
0.25345
0.25324
0.25375
0.25358
0.25326
0.25183
0.25223
0.25169
0.25095
0.25107
0.25113
0.25091
0.25089
0.25058
0.25062
0.25116
0.25135
0.25109
0.25107
0.25116
0.25099
0.2509
0.25139
0.25175
0.25215
0.25266
0.25293
0.25288
0.25261
0.25277
0.25305
0.25312
0.25349
0.25383
0.25391
0.25401
0.25365
0.25433
0.25476
0.25326
0.25349
0.25349
0.25328
0.25357
0.25361
0.25407
0.25479
0.25468
0.25503
0.25484
0.25517
0.25533
0.25507
0.25532
0.25538
0.25518
0.25483
0.25564
0.25588
0.2561
0.25677
0.25693
0.25647
0.25719
0.25756
0.25776
0.25726
0.25669
0.25733
0.25715
0.25766
0.25828
0.25836
0.25819
0.25787
0.25823
0.25893
0.25898
0.25931
0.25891
0.25814
0.2579
0.25844
0.25858
0.25907
0.25869
0.25898
0.25859
0.25877
0.25911
0.25913
0.25792
0.25863
0.25868
0.25854
0.25883
0.25896
0.25971
0.25938
0.26008
0.25946
0.25926
0.26008
0.25961
0.25983
0.25987
0.25972
0.25947
0.25946
0.25931
0.25948
0.26017
0.26006
0.25947
0.25979
0.25991
0.26044
0.26089
0.2618
0.26115
0.26114
0.26198
0.2622
0.26224
0.26175
0.2614
0.26166
0.26194
0.26285
0.26411
0.26356
0.26307
0.26358
0.26328
0.2635
0.2636
0.26347
0.2636
0.26344
0.26262
0.26276
0.26207
0.26283
0.26337
0.26381
0.26338
0.26337
0.26395
0.26274
0.26272
0.26314
0.26274
0.26256
0.26296
0.26283
0.26257
0.26324
0.26287
0.26361
0.26288
0.26288
0.26227
0.26262
0.26319
0.26258
0.26353
0.26389
0.26406
0.26479
0.2659
0.26643
0.26571
0.26526
0.26611
0.266
0.26676
0.26632
0.26591
0.26653
0.26555
0.26579
0.2647
0.26365
0.26393
0.26402
0.2641
0.26481
0.26542
0.26657
0.26693
0.26629
0.2666
0.26588
0.26654
0.26603
0.26694
0.26521
0.26574
0.26524
0.26503
0.2663
0.26688
0.26889
0.26848
0.26827
0.26833
0.26935
0.26953
0.26879
0.26698
0.26752
0.26677
0.26763
0.26819
0.2678
0.26918
0.26762
0.26756
0.26879
0.26865
0.26932
0.26905
0.26964
0.26855
0.26908
0.26966
0.26957
0.26722
0.26727
0.26665
0.2656
0.26563
0.26718
0.26652
0.26779
0.26803
0.26773
0.2671
0.26783
0.26859
0.26867
0.26871
0.26779
0.26806
0.26833
0.27114
0.26885
0.26949
0.26811
0.26802
0.26832
0.26985
0.2702
0.27097
0.27148
0.27364
0.27418
0.2733
0.2723
0.27301
0.27432
0.27508
0.27713
0.27491
0.276
0.27521
0.27373
0.27401
0.27619
0.27294
0.2715
0.27097
0.27444
0.27311
0.27529
0.27589
0.27599
0.27765
0.28017
0.28205
0.28164
0.28093
0.28123
0.28222
0.28313
0.28579
0.28517
0.28623
0.27705
0.27407
0.27432
0.27668
0.27524
0.27733
0.27867
0.27884
0.27533
0.28159
0.28129
0.28379
0.29119
0.28583
0.28761
0.28518
0.28767
0.28832
0.28815
0.28928
0.30125
0.30953
0.30339
0.30685
0.29157
0.28377
0.28705
0.25978
0.25165
0.17444
NaN
