0.25819
0.25799
0.25791
0.25836
0.2586
0.25841
0.25826
0.25864
0.25838
0.2583
0.25802
0.25751
0.2575
0.25753
0.25747
0.25779
0.25785
0.25717
0.25717
0.25716
0.25642
0.25642
0.25642
0.25653
0.25644
0.25641
0.25615
0.25625
0.25604
0.25589
0.25565
0.25577
0.25567
0.25535
0.25519
0.25461
0.25444
0.25452
0.25424
0.25381
0.25394
0.2536
0.25329
0.25339
0.25308
0.25278
0.25262
0.2527
0.25277
0.25245
0.25222
0.25201
0.25191
0.25189
0.25191
0.25201
0.25216
0.25224
0.25211
0.25154
0.25163
0.25145
0.2516
0.25184
0.25157
0.25105
0.25095
0.25087
0.25093
0.25078
0.25072
0.25051
0.25027
0.2497
0.24976
0.24973
0.24983
0.25028
0.25048
0.2507
0.25066
0.25083
0.25065
0.2507
0.25068
0.25049
0.25059
0.25046
0.25037
0.25021
0.24993
0.25004
0.24988
0.24974
0.24967
0.24929
0.24938
0.24924
0.24892
0.24897
0.24903
0.24949
0.24962
0.24936
0.24924
0.24942
0.24987
0.24986
0.24993
0.24973
0.2497
0.24964
0.24951
0.2492
0.24955
0.24946
0.24956
0.24973
0.24957
0.24956
0.24975
0.24964
0.24969
0.24953
0.24983
0.24987
0.24973
0.24964
0.24942
0.24958
0.24977
0.24977
0.24969
0.24964
0.24973
0.24966
0.24961
0.24964
0.24972
0.2497
0.24913
0.24922
0.24925
0.24919
0.24923
0.24911
0.24907
0.24905
0.24924
0.24926
0.24896
0.24897
0.24821
0.24861
0.24857
0.24841
0.24776
0.24776
0.24774
0.24765
0.24761
0.24756
0.2475
0.24671
0.24687
0.24685
0.24679
0.24678
0.2467
0.24651
0.2465
0.24623
0.24629
0.24629
0.24565
0.24562
0.24555
0.24495
0.24456
0.24475
0.24472
0.24474
0.24477
0.24481
0.24485
0.2448
0.24477
0.24479
0.24478
0.24477
0.24473
0.24519
0.2452
0.24542
0.24539
0.24538
0.24537
0.24536
0.24536
0.24533
0.24533
0.24483
0.24481
0.24484
0.24509
0.24511
0.24512
0.24509
0.24507
0.24514
0.24513
0.24514
0.24467
0.24466
0.24463
0.24468
0.2448
0.24455
0.24456
0.24453
0.24453
0.24453
0.24461
0.24461
0.2446
0.24469
0.24469
0.24418
0.24417
0.2442
0.24419
0.24418
0.24418
0.24418
0.24391
0.24393
0.24411
0.24411
0.24388
0.24389
0.24389
0.24388
0.24389
0.24388
0.24388
0.24366
0.24362
0.24362
0.24365
0.24374
0.24375
0.24375
0.24376
0.24375
0.24376
0.24375
0.24374
0.24375
0.24434
0.24499
0.245
0.24498
0.24498
0.24497
0.24496
0.24496
0.24494
0.24494
0.24497
0.24496
0.24498
0.24504
0.24507
0.24506
0.24506
0.24507
0.24466
0.24469
0.2447
0.2444
0.24441
0.24441
0.2444
0.24441
0.24441
0.24456
0.24497
0.24502
0.24502
0.24469
0.24469
0.24468
0.24424
0.24352
0.24351
0.24357
0.24359
0.24359
0.24376
0.24377
0.24379
0.24379
0.24383
0.24387
0.24392
0.24383
0.2439
0.24392
0.24392
0.24392
0.24425
0.24503
0.245
0.245
0.24503
0.24502
0.24463
0.24469
0.24516
0.24518
0.24455
0.24464
0.24473
0.24469
0.2448
0.24484
0.24446
0.24493
0.24497
0.24505
0.24511
0.24529
0.24528
0.24573
0.24592
0.24605
0.24636
0.2464
0.24649
0.2464
0.24635
0.24643
0.24656
0.24649
0.24652
0.24658
0.24663
0.24659
0.24663
0.24678
0.2468
0.24676
0.24673
0.24618
0.24627
0.24549
0.2456
0.24575
0.24578
0.24572
0.24579
0.24574
0.24572
0.24573
0.24589
0.24613
0.24621
0.24646
0.24664
0.24681
0.24685
0.24682
0.24679
0.24684
0.24684
0.24677
0.24688
0.24688
0.24676
0.24686
0.24693
0.24703
0.24728
0.24725
0.2474
0.24689
0.24693
0.24686
0.24671
0.24686
0.24679
0.24674
0.24685
0.2468
0.24679
0.24694
0.24707
0.24723
0.24742
0.2476
0.24739
0.24752
0.24763
0.24759
0.24768
0.24772
0.24779
0.24793
0.24794
0.24799
0.24804
0.24803
0.2479
0.24784
0.24769
0.24783
0.248
0.24811
0.24818
0.24804
0.24811
0.2485
0.2477
0.2477
0.24789
0.24804
0.24778
0.24778
0.24827
0.24828
0.2483
0.24813
0.24808
0.24817
0.24867
0.24894
0.24895
0.24892
0.24902
0.24887
0.24883
0.24858
0.24829
0.24848
0.24871
0.24903
0.2487
0.24857
0.24766
0.24772
0.24761
0.2477
0.24764
0.24796
0.24804
0.24807
0.24788
0.24834
0.24899
0.24911
0.24905
0.24849
0.24876
0.24897
0.24921
0.24916
0.2492
0.24931
0.24841
0.24895
0.24878
0.24879
0.24883
0.24898
0.24862
0.24863
0.2491
0.24916
0.24912
0.2494
0.24948
0.24944
0.24925
0.24913
0.24925
0.24963
0.24991
0.24992
0.25025
0.2506
0.2506
0.25083
0.25066
0.25073
0.25112
0.25124
0.25157
0.25123
0.25109
0.25096
0.25139
0.25122
0.25113
0.25162
0.25157
0.25208
0.25136
0.25152
0.25158
0.25147
0.25142
0.25141
0.25129
0.25154
0.25159
0.25226
0.25289
0.25279
0.25293
0.2539
0.25432
0.25415
0.25451
0.25358
0.25338
0.25345
0.25414
0.25429
0.2543
0.25435
0.25445
0.25449
0.25446
0.25452
0.25511
0.2555
0.25598
0.25612
0.25591
0.25619
0.25664
0.25667
0.25669
0.25551
0.25587
0.2551
0.25459
0.25461
0.25549
0.25562
0.25581
0.25598
0.25664
0.25599
0.25663
0.25695
0.25713
0.2577
0.25828
0.25779
0.25757
0.25862
0.25886
0.25999
0.26037
0.26031
0.26072
0.26081
0.26053
0.26071
0.26055
0.26016
0.26083
0.26067
0.26076
0.25998
0.25968
0.25928
0.25926
0.25907
0.25949
0.25922
0.25946
0.25939
0.25985
0.26037
0.25992
0.26021
0.26048
0.26024
0.26066
0.25864
0.25878
0.25808
0.25784
0.25792
0.25807
0.25833
0.25909
0.25967
0.2588
0.25962
0.2601
0.26021
0.26025
0.25961
0.25993
0.2593
0.25923
0.25878
0.25879
0.25807
0.25844
0.258
0.25838
0.25868
0.25981
0.25992
0.26095
0.2617
0.26001
0.26162
0.26138
0.26118
0.26024
0.25987
0.25821
0.25919
0.25994
0.25985
0.26055
0.25923
0.25954
0.25713
0.25814
0.25803
0.25809
0.25771
0.25844
0.26018
0.25873
0.25882
0.25894
0.25947
0.25593
0.25493
0.25502
0.25468
0.2562
0.25768
0.25784
0.25761
0.25964
0.26215
0.26092
0.26171
0.26168
0.2614
0.26128
0.26353
0.26628
0.2659
0.26514
0.26333
0.26533
0.26386
0.26564
0.26649
0.26455
0.26579
0.26466
0.26306
0.26153
0.26058
0.26185
0.25943
0.26149
0.26097
0.26142
0.2572
0.25732
0.25935
0.26035
0.26258
0.26352
0.26589
0.26896
0.27424
0.27177
0.27158
0.27412
0.275
0.27183
0.27778
0.27644
0.28252
0.28165
0.28192
0.28658
0.28143
0.28119
0.28204
0.28533
0.2826
0.27939
0.28491
0.28391
0.28456
0.28415
0.28741
0.29077
0.29397
0.28841
0.27181
0.25363
0.19577
0.16958
