0.26807
0.26807
0.26795
0.26794
0.2679
0.2679
0.26782
0.26784
0.26784
0.26784
0.2678
0.26767
0.26766
0.26764
0.26761
0.26757
0.26757
0.26761
0.2676
0.26758
0.26763
0.26763
0.26754
0.26753
0.26768
0.26768
0.26762
0.26763
0.2676
0.26757
0.2675
0.26739
0.26739
0.26739
0.26744
0.26746
0.26758
0.26747
0.26746
0.26748
0.26747
0.26745
0.26743
0.26742
0.26742
0.26742
0.26738
0.26734
0.26725
0.26722
0.26719
0.26722
0.26723
0.26725
0.26725
0.2675
0.26746
0.26743
0.26745
0.26745
0.26746
0.2673
0.26732
0.26733
0.26732
0.26708
0.26715
0.26713
0.26716
0.2671
0.26703
0.26703
0.26697
0.26696
0.26692
0.26694
0.26712
0.26715
0.26714
0.26718
0.26745
0.26745
0.26751
0.26749
0.26754
0.26759
0.26757
0.26759
0.26755
0.26758
0.26783
0.26782
0.268
0.268
0.26794
0.26795
0.26781
0.2677
0.26772
0.26773
0.26771
0.26771
0.26771
0.26778
0.26772
0.26764
0.26755
0.26755
0.26736
0.26735
0.26735
0.26744
0.26745
0.26742
0.26743
0.26742
0.26737
0.26737
0.26724
0.26733
0.26733
0.26729
0.26729
0.26718
0.26723
0.26723
0.26713
0.26712
0.26712
0.26706
0.26695
0.26693
0.26696
0.26699
0.26698
0.26697
0.26685
0.26686
0.26684
0.26692
0.26664
0.26679
0.26695
0.26704
0.26695
0.26698
0.26707
0.26706
0.26693
0.26694
0.26697
0.26686
0.26667
0.26666
0.26675
0.26667
0.26657
0.26659
0.26654
0.26654
0.26655
0.26655
0.26653
0.26665
0.26664
0.26659
0.26656
0.26666
0.2667
0.26666
0.2666
0.26658
0.26643
0.26645
0.26625
0.26643
0.26651
0.26651
0.26648
0.26648
0.26653
0.26654
0.26652
0.26659
0.26661
0.26665
0.2667
0.2668
0.26688
0.26692
0.26696
0.26687
0.26692
0.26711
0.26711
0.2671
0.26685
0.2668
0.26685
0.26676
0.26678
0.2667
0.26678
0.26676
0.26653
0.26666
0.26679
0.26653
0.26666
0.26682
0.2669
0.26687
0.2669
0.26695
0.26646
0.26624
0.26614
0.26618
0.26643
0.26652
0.26652
0.26653
0.26681
0.26681
0.2668
0.26663
0.26661
0.26661
0.26674
0.26682
0.26689
0.2669
0.26704
0.2671
0.26717
0.26718
0.26709
0.26725
0.2673
0.2674
0.2676
0.2672
0.26742
0.26737
0.26711
0.26715
0.26707
0.26703
0.26681
0.26681
0.2668
0.26684
0.26633
0.26637
0.26634
0.26638
0.26641
0.26643
0.26674
0.26682
0.26669
0.26693
0.26711
0.26686
0.26678
0.26675
0.26684
0.26692
0.26687
0.2669
0.26663
0.2665
0.26652
0.26646
0.26651
0.26651
0.26652
0.26646
0.26612
0.26592
0.26595
0.2661
0.26555
0.2655
0.26521
0.26498
0.26475
0.26457
0.26456
0.2648
0.26502
0.26531
0.26516
0.26521
0.26512
0.26466
0.26455
0.26434
0.26459
0.26437
0.26453
0.26447
0.26425
0.26387
0.26382
0.26393
0.26405
0.26435
0.26447
0.26397
0.2642
0.2642
0.26411
0.264
0.26428
0.26439
0.26436
0.26439
0.26426
0.2648
0.26488
0.26483
0.26474
0.26485
0.26485
0.2648
0.26517
0.26518
0.26503
0.26512
0.26533
0.26568
0.26597
0.26601
0.26528
0.26552
0.26585
0.26621
0.26614
0.26637
0.26656
0.26678
0.26697
0.26683
0.26695
0.267
0.26676
0.26721
0.26713
0.26748
0.26755
0.26754
0.26725
0.26707
0.26685
0.26692
0.26723
0.2673
0.26748
0.26758
0.26781
0.26816
0.26819
0.26804
0.26797
0.26846
0.26763
0.26767
0.26809
0.26815
0.26802
0.26821
0.26858
0.26807
0.26805
0.26806
0.26821
0.2674
0.26756
0.26771
0.26783
0.26777
0.26743
0.26751
0.26796
0.26801
0.26825
0.26855
0.26862
0.26871
0.26879
0.26902
0.26885
0.26879
0.26878
0.2695
0.26965
0.26983
0.27001
0.26986
0.26968
0.27018
0.26999
0.26961
0.26827
0.26861
0.26818
0.26757
0.26766
0.26768
0.26751
0.26741
0.2671
0.26711
0.26759
0.26773
0.26746
0.26741
0.26746
0.26726
0.26711
0.26753
0.26786
0.26819
0.26864
0.26887
0.26885
0.26862
0.26879
0.26901
0.26904
0.26937
0.26967
0.26974
0.2698
0.26943
0.27005
0.27044
0.26911
0.26928
0.26926
0.26905
0.26929
0.26931
0.26974
0.27048
0.27038
0.2707
0.27051
0.27079
0.2709
0.27064
0.27081
0.27086
0.27061
0.27025
0.27099
0.27117
0.27135
0.27194
0.27204
0.27164
0.27229
0.2726
0.27281
0.27227
0.27165
0.27222
0.272
0.27247
0.27301
0.27302
0.27279
0.27247
0.27276
0.27346
0.27344
0.27376
0.27345
0.27277
0.27251
0.27306
0.27316
0.27362
0.27328
0.27355
0.27312
0.27324
0.27351
0.27351
0.27246
0.27308
0.2731
0.27293
0.27315
0.27327
0.27394
0.27356
0.27416
0.27356
0.27338
0.27416
0.27371
0.27391
0.27391
0.2737
0.27341
0.2734
0.27326
0.27337
0.27398
0.2739
0.27332
0.27358
0.27367
0.2742
0.27464
0.27547
0.27484
0.27485
0.27564
0.27581
0.27579
0.27534
0.27497
0.27523
0.27548
0.2763
0.27748
0.27696
0.27652
0.27696
0.27664
0.27681
0.27697
0.2768
0.27689
0.27665
0.27597
0.27611
0.2754
0.27615
0.27663
0.277
0.27662
0.27655
0.27709
0.27593
0.27592
0.27629
0.27586
0.27575
0.27613
0.27605
0.27581
0.27637
0.27597
0.27672
0.27605
0.27605
0.27546
0.27576
0.27625
0.27568
0.27652
0.2768
0.2769
0.27757
0.27866
0.27911
0.27843
0.27801
0.27877
0.2786
0.27936
0.27894
0.27859
0.27915
0.27827
0.27845
0.27749
0.2765
0.27672
0.27673
0.27679
0.27746
0.27807
0.27922
0.27951
0.27889
0.27913
0.27841
0.27897
0.27851
0.27939
0.27778
0.27833
0.2779
0.27765
0.2788
0.27931
0.28124
0.28081
0.28061
0.28055
0.28145
0.28156
0.2809
0.27925
0.27973
0.27912
0.2799
0.28042
0.28002
0.28132
0.27998
0.27982
0.28096
0.28084
0.28146
0.28115
0.28164
0.28054
0.28112
0.28164
0.28164
0.2794
0.27944
0.27889
0.27795
0.27787
0.27943
0.27878
0.27995
0.2801
0.27975
0.27911
0.27979
0.28056
0.28062
0.28076
0.27981
0.28004
0.28031
0.28303
0.28113
0.28191
0.28086
0.2807
0.28102
0.2825
0.28281
0.28338
0.28387
0.28602
0.28653
0.28581
0.28479
0.28553
0.28683
0.28741
0.28946
0.28746
0.28829
0.28741
0.28604
0.28618
0.28813
0.28534
0.28373
0.28303
0.28622
0.28476
0.28664
0.28708
0.28695
0.28862
0.29087
0.29269
0.29225
0.29163
0.29181
0.2927
0.2935
0.29605
0.29576
0.29665
0.28799
0.2849
0.28507
0.2875
0.28588
0.28762
0.2887
0.28906
0.28572
0.29181
0.29124
0.29367
0.3007
0.29583
0.29742
0.29545
0.29796
0.29897
0.2987
0.29963
0.31134
0.3196
0.31312
0.31599
0.30111
0.29444
0.29684
0.26936
0.26059
0.18778
