0.32698
0.32698
0.32678
0.32698
0.32701
0.32701
0.32698
0.32685
0.32683
0.32689
0.32683
0.32676
0.32689
0.32693
0.32681
0.32653
0.32638
0.32653
0.32665
0.32664
0.32657
0.32673
0.32709
0.32709
0.32703
0.32704
0.32688
0.32676
0.32679
0.32716
0.32704
0.32687
0.32669
0.32663
0.3267
0.32658
0.32645
0.32627
0.32598
0.32595
0.32579
0.32566
0.32547
0.32521
0.32479
0.32486
0.3249
0.32498
0.32483
0.3249
0.32488
0.32483
0.32479
0.32462
0.32452
0.32445
0.32431
0.32447
0.32453
0.32411
0.32414
0.32412
0.32414
0.32402
0.3239
0.32394
0.32378
0.32363
0.32349
0.32336
0.32311
0.3232
0.3231
0.32312
0.32304
0.32295
0.32276
0.32271
0.32254
0.32258
0.32269
0.32265
0.32238
0.32237
0.3221
0.322
0.32197
0.32201
0.32185
0.32138
0.32138
0.32132
0.32109
0.32101
0.32094
0.32099
0.32091
0.32087
0.32091
0.32088
0.32083
0.32084
0.32079
0.32071
0.32063
0.32054
0.32051
0.32051
0.32043
0.32009
0.31991
0.31992
0.31989
0.31989
0.31982
0.31951
0.31923
0.31904
0.31901
0.3189
0.31894
0.31893
0.31891
0.3185
0.31815
0.31812
0.31817
0.31816
0.31808
0.31774
0.31747
0.31741
0.31739
0.31738
0.31738
0.31741
0.31745
0.31741
0.31724
0.31724
0.31721
0.3172
0.31763
0.31715
0.31713
0.3171
0.31709
0.31703
0.31702
0.31705
0.317
0.317
0.31699
0.31699
0.31699
0.31699
0.31699
0.31698
0.31699
0.31696
0.31665
0.31678
0.31659
0.31662
0.31677
0.31677
0.31664
0.31664
0.31665
0.31665
0.31666
0.31666
0.31665
0.31665
0.31664
0.31666
0.31667
0.31669
0.31649
0.3165
0.31639
0.31639
0.3164
0.31641
0.31642
0.31643
0.31643
0.31645
0.3163
0.3163
0.3163
0.31631
0.31632
0.31653
0.31687
0.31688
0.31658
0.3166
0.31661
0.31662
0.31662
0.31663
0.3165
0.31653
0.31658
0.31617
0.31574
0.31575
0.31577
0.31578
0.31578
0.31577
0.3159
0.31593
0.31594
0.31596
0.31599
0.31625
0.31628
0.31603
0.31605
0.31609
0.3161
0.3161
0.31563
0.31568
0.31571
0.31568
0.31568
0.31571
0.31573
0.31586
0.31559
0.31562
0.31562
0.31556
0.31497
0.31459
0.31467
0.31463
0.31467
0.31468
0.3147
0.31474
0.31479
0.3148
0.31464
0.31475
0.31427
0.3143
0.31427
0.31433
0.31436
0.31421
0.31415
0.31418
0.31424
0.31431
0.31412
0.31417
0.31422
0.31425
0.31428
0.31473
0.31482
0.31483
0.31477
0.31485
0.31491
0.31461
0.31457
0.31469
0.31412
0.31424
0.31355
0.31361
0.31363
0.3137
0.31374
0.31395
0.31403
0.3141
0.3141
0.31409
0.31389
0.31406
0.31406
0.31428
0.31432
0.31435
0.31424
0.31437
0.31415
0.31418
0.3138
0.31375
0.31367
0.31381
0.31393
0.31396
0.31404
0.31402
0.31358
0.31365
0.31381
0.3139
0.3141
0.31427
0.31418
0.31422
0.31429
0.31444
0.31453
0.31451
0.31464
0.31461
0.3147
0.31488
0.31486
0.31486
0.31489
0.31493
0.31508
0.31498
0.31487
0.31495
0.31502
0.31516
0.31546
0.31536
0.31535
0.31535
0.31534
0.31537
0.31534
0.31545
0.31556
0.31493
0.31469
0.31454
0.31453
0.31459
0.31461
0.31398
0.31396
0.31382
0.31332
0.31319
0.31324
0.31345
0.31351
0.31359
0.31373
0.31379
0.31386
0.31386
0.31398
0.31408
0.31406
0.31414
0.31429
0.3144
0.31442
0.31395
0.31306
0.31291
0.31301
0.3131
0.31274
0.31267
0.31155
0.31167
0.31192
0.31198
0.312
0.31201
0.312
0.31227
0.31164
0.31181
0.31094
0.31119
0.31127
0.3113
0.31138
0.3115
0.31101
0.31124
0.31137
0.31154
0.31152
0.3119
0.3114
0.31145
0.31153
0.31201
0.31172
0.31169
0.31158
0.31164
0.31177
0.31185
0.31136
0.31125
0.31182
0.31222
0.31237
0.31229
0.31223
0.31201
0.31159
0.31161
0.31167
0.3119
0.31191
0.31192
0.31227
0.31177
0.31199
0.31237
0.31273
0.31298
0.31303
0.31308
0.31312
0.3136
0.31342
0.31349
0.31315
0.31297
0.31311
0.31329
0.31336
0.31412
0.31439
0.31445
0.31411
0.31452
0.31465
0.31466
0.31496
0.31515
0.31507
0.3151
0.31513
0.31523
0.31434
0.31433
0.31434
0.31492
0.31556
0.31495
0.31497
0.31496
0.31538
0.31557
0.31626
0.31486
0.315
0.31507
0.31509
0.31512
0.31506
0.31506
0.31519
0.31564
0.31568
0.31574
0.31518
0.31519
0.31495
0.3151
0.31552
0.31553
0.31552
0.31553
0.31599
0.31596
0.31604
0.31635
0.31667
0.31664
0.31662
0.31683
0.31693
0.31733
0.3171
0.31712
0.31736
0.31686
0.31666
0.31656
0.31665
0.31586
0.316
0.31654
0.31711
0.31757
0.31793
0.31852
0.31855
0.31862
0.31923
0.31883
0.31886
0.31891
0.31916
0.31964
0.31988
0.32027
0.32052
0.32046
0.32059
0.32038
0.32065
0.32116
0.32126
0.32144
0.32141
0.32127
0.3214
0.32172
0.32156
0.32195
0.32188
0.32243
0.32246
0.32317
0.32316
0.32377
0.32403
0.32479
0.3255
0.32546
0.32611
0.32668
0.32672
0.32672
0.32709
0.32713
0.32783
0.32848
0.32876
0.32887
0.32901
0.32894
0.32853
0.32809
0.32753
0.32812
0.32922
0.32918
0.32953
0.32932
0.32943
0.32877
0.3285
0.32851
0.32883
0.32872
0.32948
0.32963
0.33015
0.3308
0.33143
0.3319
0.33186
0.33104
0.33141
0.33211
0.33285
0.3331
0.33296
0.33223
0.33176
0.33237
0.33284
0.33172
0.33167
0.33166
0.33303
0.333
0.33313
0.33318
0.3311
0.33102
0.33115
0.3315
0.33217
0.33228
0.33273
0.3323
0.33281
0.33236
0.33254
0.33252
0.333
0.33217
0.33277
0.33302
0.33291
0.33268
0.33352
0.33333
0.3333
0.3332
0.33348
0.33353
0.33423
0.33393
0.33433
0.33467
0.33428
0.3344
0.33514
0.33508
0.33504
0.3358
0.33559
0.33599
0.33698
0.33773
0.3377
0.33735
0.33786
0.33809
0.3383
0.33857
0.33892
0.33837
0.33762
0.33778
0.3379
0.33856
0.33993
0.33849
0.33747
0.33623
0.33676
0.33861
0.33916
0.3414
0.34091
0.34135
0.34119
0.34173
0.34239
0.34271
0.34314
0.3416
0.34139
0.34183
0.34154
0.34366
0.34219
0.34104
0.34162
0.34186
0.34417
0.34561
0.34391
0.3436
0.34288
0.34183
0.34091
0.34171
0.34282
0.34403
0.34474
0.34623
0.34769
0.34487
0.34558
0.34856
0.34711
0.3484
0.34746
0.34883
0.35045
0.34845
0.34634
0.34653
0.3473
0.34492
0.34456
0.34401
0.34244
0.34016
0.33898
0.34147
0.34148
0.33827
0.33785
0.33696
0.33945
0.33828
0.34249
0.33904
0.33633
0.33167
0.32492
0.32116
0.31621
0.31651
0.31059
0.31859
0.32494
0.31237
0.31098
0.30557
0.29446
0.28418
0.29334
0.29203
0.26983
0.23902
0.20349
