0.23403
0.23385
0.23384
0.23437
0.23469
0.23452
0.2344
0.23489
0.23467
0.23462
0.23436
0.23387
0.2339
0.23397
0.23393
0.23429
0.23438
0.2337
0.2337
0.23375
0.23306
0.23306
0.23306
0.23322
0.23316
0.23317
0.23293
0.23309
0.23288
0.23275
0.23252
0.2327
0.23262
0.23232
0.23219
0.23161
0.23145
0.23158
0.23132
0.23088
0.2311
0.23074
0.23046
0.23061
0.23029
0.22999
0.22985
0.22998
0.23009
0.22979
0.22958
0.22935
0.22925
0.22923
0.22926
0.22946
0.22964
0.22975
0.22966
0.22905
0.2292
0.22904
0.22925
0.22955
0.22929
0.22876
0.22868
0.22863
0.22874
0.22861
0.2286
0.22839
0.22816
0.22755
0.22766
0.22766
0.22781
0.22834
0.22858
0.22887
0.22886
0.22909
0.22891
0.229
0.22901
0.22883
0.22896
0.22886
0.22879
0.22864
0.22834
0.22848
0.22833
0.22822
0.22816
0.22776
0.22787
0.22776
0.22742
0.2275
0.22759
0.22805
0.22822
0.22797
0.22787
0.2281
0.22862
0.22865
0.22877
0.22857
0.22858
0.22856
0.22845
0.22814
0.22856
0.22843
0.22856
0.22875
0.22858
0.2286
0.22884
0.22876
0.22884
0.22868
0.22904
0.2291
0.22899
0.22891
0.22872
0.22893
0.22917
0.22919
0.22914
0.22911
0.22926
0.22921
0.22918
0.22924
0.22936
0.22937
0.22879
0.22892
0.22899
0.22895
0.22903
0.22893
0.22893
0.22892
0.22916
0.2292
0.22889
0.22893
0.22812
0.22857
0.22859
0.22844
0.22774
0.22776
0.22775
0.2277
0.22767
0.22765
0.22762
0.22679
0.22699
0.22699
0.22695
0.22697
0.22691
0.2267
0.2267
0.22639
0.22649
0.22652
0.22587
0.22586
0.22581
0.22518
0.22475
0.22501
0.22499
0.22503
0.22509
0.22515
0.22522
0.2252
0.22518
0.22522
0.22524
0.22525
0.22524
0.22582
0.22584
0.22611
0.22609
0.22611
0.22611
0.22613
0.22614
0.22613
0.22615
0.22557
0.22558
0.22562
0.22594
0.22598
0.22601
0.22602
0.22602
0.22613
0.22613
0.22616
0.22571
0.22572
0.22572
0.2258
0.2259
0.22565
0.22569
0.22569
0.2257
0.22572
0.2258
0.22583
0.22585
0.22593
0.22595
0.22543
0.22544
0.2255
0.2255
0.22551
0.22553
0.22555
0.22524
0.22527
0.22549
0.22551
0.22531
0.22533
0.22536
0.22537
0.2254
0.22541
0.22543
0.22516
0.22515
0.22518
0.22523
0.22535
0.22538
0.2254
0.22543
0.22544
0.22546
0.22548
0.22549
0.22552
0.22616
0.2269
0.22692
0.22693
0.22695
0.22696
0.22697
0.22699
0.22699
0.22701
0.22705
0.22706
0.2271
0.22721
0.22726
0.22727
0.2273
0.22731
0.22687
0.22691
0.22694
0.22663
0.22666
0.22668
0.22669
0.22672
0.22673
0.22687
0.22735
0.22741
0.22743
0.22711
0.22713
0.22713
0.22664
0.22587
0.22587
0.22596
0.22599
0.22601
0.22616
0.22618
0.22623
0.22624
0.22629
0.22635
0.22642
0.22634
0.22643
0.22648
0.22649
0.2265
0.22687
0.22772
0.2277
0.22772
0.22776
0.22777
0.22737
0.22746
0.22797
0.22801
0.22734
0.22744
0.22757
0.22753
0.22767
0.22774
0.22734
0.2279
0.22796
0.22805
0.22812
0.22832
0.22832
0.22886
0.22908
0.22924
0.22955
0.22966
0.22977
0.22969
0.22966
0.22975
0.22989
0.22982
0.22988
0.22995
0.23001
0.22999
0.23005
0.23022
0.23025
0.23023
0.2302
0.22963
0.22972
0.22893
0.22906
0.22924
0.22928
0.22922
0.22932
0.22929
0.22928
0.2293
0.22949
0.22974
0.22984
0.23013
0.23034
0.23052
0.23057
0.23056
0.23056
0.23063
0.23064
0.23058
0.2307
0.23069
0.23058
0.2307
0.23079
0.23091
0.23118
0.23116
0.23134
0.23082
0.23088
0.23082
0.23066
0.23083
0.23077
0.23074
0.23087
0.23083
0.23082
0.231
0.23114
0.23132
0.23155
0.23174
0.23152
0.23172
0.23185
0.23183
0.23194
0.23201
0.2321
0.23226
0.23226
0.23232
0.23239
0.23238
0.23226
0.23221
0.23208
0.23224
0.23244
0.23257
0.23267
0.23247
0.23255
0.23296
0.23211
0.23212
0.23233
0.2325
0.23222
0.23223
0.23276
0.23276
0.23278
0.23263
0.2326
0.23271
0.23325
0.23354
0.23356
0.23354
0.23366
0.23351
0.2335
0.23323
0.23293
0.23313
0.23338
0.23373
0.23341
0.2333
0.2323
0.23239
0.23228
0.23239
0.23233
0.2327
0.23278
0.23283
0.23265
0.23318
0.23394
0.23408
0.23403
0.23344
0.23373
0.23399
0.23428
0.23424
0.23429
0.23442
0.23346
0.23402
0.23383
0.23384
0.2339
0.23409
0.23368
0.23368
0.23417
0.23424
0.23419
0.2345
0.2346
0.23455
0.23434
0.23423
0.23436
0.23475
0.23505
0.23509
0.23544
0.23583
0.23586
0.2361
0.23592
0.23601
0.23644
0.23658
0.23694
0.23657
0.23647
0.23635
0.23679
0.23662
0.23658
0.23712
0.23708
0.23761
0.23689
0.23705
0.23713
0.23704
0.23699
0.23698
0.2369
0.23719
0.23724
0.23796
0.23863
0.23853
0.23866
0.23977
0.24021
0.24003
0.24039
0.23938
0.23917
0.23926
0.23997
0.24014
0.24016
0.24023
0.24035
0.24036
0.24034
0.24042
0.24105
0.24146
0.24199
0.24214
0.24191
0.24221
0.24266
0.2427
0.24273
0.2415
0.2419
0.24111
0.24055
0.24058
0.2415
0.24164
0.24183
0.242
0.24268
0.24202
0.2427
0.24305
0.24324
0.24384
0.24446
0.24398
0.24377
0.24486
0.2451
0.24634
0.24672
0.24665
0.2471
0.2472
0.24693
0.24712
0.24695
0.24652
0.24724
0.24707
0.24716
0.24632
0.24607
0.24569
0.24566
0.24549
0.24593
0.24566
0.24592
0.24585
0.24635
0.24694
0.24644
0.24675
0.24705
0.24679
0.24727
0.24516
0.24532
0.24465
0.24437
0.24445
0.2446
0.24494
0.24571
0.24634
0.24549
0.24633
0.24685
0.24692
0.24696
0.24633
0.24667
0.24601
0.24596
0.2455
0.24548
0.24473
0.24515
0.24472
0.24513
0.24544
0.24658
0.24669
0.24776
0.24856
0.24681
0.24851
0.24831
0.24807
0.24709
0.24673
0.24497
0.24599
0.24676
0.24667
0.24738
0.24601
0.24634
0.24383
0.24493
0.24477
0.24483
0.2444
0.24515
0.24698
0.24541
0.24553
0.2456
0.24616
0.24245
0.24142
0.24141
0.24109
0.24262
0.24416
0.24439
0.24413
0.24628
0.24884
0.24758
0.24837
0.24828
0.24801
0.24784
0.25017
0.25304
0.25271
0.25193
0.25001
0.25214
0.25056
0.25234
0.25323
0.25125
0.25247
0.25136
0.24969
0.24806
0.24713
0.24851
0.24602
0.24821
0.2477
0.24826
0.24439
0.24448
0.24668
0.24784
0.25018
0.25122
0.2536
0.25679
0.26221
0.25965
0.25968
0.26231
0.26312
0.25995
0.26602
0.26468
0.27101
0.27002
0.27033
0.27519
0.26979
0.26939
0.27041
0.27385
0.2713
0.26771
0.27323
0.2721
0.2729
0.27239
0.27601
0.27937
0.28323
0.27748
0.2605
0.24158
0.18114
0.1518
NaN
