0.62734
-0.2659
0.1757
-0.4205
0.75845
-0.44984
0.26567
-0.2365
-0.37552
-0.67727
0.097071
0.26468
0.079179
-0.085962
-0.20889
0.28875
0.41946
-0.095984
-0.12282
-0.31346
0.22526
-0.089494
0.023636
0.003585
-0.24044
0.12636
0.030367
0.17969
-0.8992
0.14234
0.49819
-0.25589
0.46252
-0.43208
-0.42154
-0.23084
-0.0036519
0.39371
0.52306
-0.36286
0.11545
-0.6845
-0.63992
0.54123
0.040059
0.2117
0.35409
0.56257
0.0021352
-1.0913
-0.12532
0.40303
-0.36402
-0.45775
-0.36714
-0.40481
-0.10143
-0.20417
0.50424
-0.40143
0.62684
-0.09801
-0.36041
-0.41616
-0.3537
-0.91995
0.21594
0.23818
0.026497
0.2193
0.35941
0.030237
-0.23974
-0.014045
0.069112
0.12069
0.30855
-0.27591
0.14836
0.31247
0.13
-0.054658
0.42107
0.020275
0.009426
-0.71328
-0.18313
0.27109
-0.52117
-0.031358
-0.027749
-0.13381
-0.11898
-0.42973
0.34082
-0.23158
-0.03479
0.53619
0.27041
-0.026832
0.41249
0.7167
-0.25504
0.43583
-0.53691
0.23535
-0.10357
0.24504
-0.20538
0.25366
0.28689
0.22354
0.14305
0.10833
-0.48616
0.088998
0.13371
0.085086
-0.024289
0.15206
0.11099
0.57181
-0.053034
-0.092071
-0.018684
-0.10698
0.33343
-0.32918
-0.52424
0.43199
0.34858
0.28608
0.17255
-0.23146
0.53002
-0.045282
-0.28061
0.060529
-0.47617
0.49986
0.43014
-0.16554
-0.69489
-0.0070984
-0.70635
0.11632
0.0034316
-0.39489
0.18433
-0.028513
0.49638
0.15578
0.19591
0.3752
0.028246
0.28425
0.3178
-0.70316
-0.31637
-0.15526
-0.078736
-1.1123
-0.51941
-0.23824
-0.76074
0.043802
0.016026
0.27701
-0.40859
0.4635
-0.63629
-0.24677
0.13384
0.55844
0.38835
0.42288
-0.14797
0.4773
-0.30581
0.21447
-0.28303
0.073624
0.094634
0.25041
0.31669
0.0079151
0.001434
-0.074647
-0.62866
0.089365
0.052369
0.51469
0.057818
-0.016235
-0.61366
0.46577
-0.80542
0.10353
-0.16215
-0.6515
0.16109
0.35667
0.54935
0.10904
-0.029579
-0.048639
0.059731
0.6191
0.25248
0.064928
0.19456
-0.23551
-0.23676
-0.36107
0.1923
-0.16801
0.2368
-0.51541
-0.070875
-0.29595
0.36315
0.51782
0.25475
0.04748
0.011167
0.15453
-1.3198
0.092213
-0.14627
-0.545
-0.020003
0.21066
0.31688
-0.49301
-0.032028
0.13099
0.55031
0.082876
0.24673
0.14766
-0.30758
0.069493
0.31956
0.61857
-0.23112
-0.30044
-0.42501
0.075997
0.51727
0.054627
0.089704
0.38334
-0.27331
-0.070291
0.33754
0.38195
0.60243
0.7054
0.00083174
-0.16916
-0.57816
-0.23957
-0.059348
-0.059365
0.22423
0.31869
0.013738
-0.91263
0.15458
0.015509
0.075803
0.1322
-0.17994
0.16713
-0.19084
-0.16511
0.31401
-0.56367
-0.035361
-0.023996
-0.30044
-0.18906
0.40662
-0.12004
-0.084107
-0.26273
-0.61558
0.26073
-0.040984
0.35477
-0.51418
0.69327
0.38127
0.038784
-0.39572
0.49118
-0.34557
0.089977
0.14742
-0.14084
0.28503
0.39957
0.41593
0.39557
-0.86209
-1.2503
-0.026465
0.17551
0.15473
0.46562
-0.65288
-0.22834
0.18963
0.061212
-0.047295
-0.66515
-0.49837
0.11472
0.23376
0.74521
0.14056
-1.0049
0.17811
0.60705
-0.25249
0.53265
-0.74277
-0.71976
0.19343
-0.044841
0.45793
-0.13832
0.47327
-0.53541
0.12363
-0.50002
0.32272
0.31348
0.082081
0.11134
-0.069322
-1.1005
-0.0093747
0.63641
-0.3945
0.00063989
0.35605
-0.15457
0.073857
0.22662
0.10568
0.21888
-0.82749
-0.19464
0.086041
0.24036
-0.055662
-0.048405
0.26818
0.27539
0.015624
0.13715
0.25463
-0.32411
0.34045
-0.11275
0.44887
0.32112
0.0064569
0.53984
0.38894
-0.17701
0.0022303
0.62942
0.019539
-0.052069
0.15392
0.4327
0.078143
0.29672
-0.085025
-0.27095
-0.0096381
-0.16351
-0.24421
-0.086583
-0.12958
-0.20277
0.45776
-0.52599
0.00021473
0.37497
0.47234
-0.06713
0.1668
-0.11486
-0.043748
-0.041793
-0.019077
0.46364
0.46923
0.015225
-0.048036
0.25245
-0.61143
-0.35025
0.77212
0.014139
-0.52549
-0.44991
-0.74158
0.075584
0.48622
0.29766
-0.10802
0.14193
-0.45991
0.17313
0.34388
-0.24623
-0.072311
0.76826
-0.12948
-0.28541
0.044337
0.39449
0.13789
-0.19743
-0.4215
-0.65395
0.30907
0.32829
-0.14417
-0.039382
0.30626
-0.3664
