0.3537
-0.51873
1.1297
0.11699
-0.98977
-0.38668
0.77651
-0.6904
-0.70612
0.52006
1.1883
0.098446
-0.85907
0.76272
0.77943
0.72012
0.4534
0.90201
0.94297
0.57209
-1.2485
0.53995
0.30655
-0.56957
0.37527
0.4035
0.33239
0.59275
-0.58625
0.85447
-0.48979
0.29013
1.1065
1.1361
-2.806
0.79442
0.25412
-0.15863
0.45604
-1.8366
1.1001
-2.211
-2.0017
0.95414
-0.22125
0.20082
1.2971
0.30924
0.69867
-0.59602
-0.85795
0.67046
-1.7421
0.57222
0.61948
0.7488
-0.77008
-0.025701
0.15073
0.033721
0.15334
-1.8745
-0.025088
0.75324
-1.0448
-2.5225
0.60009
1.1576
-0.26089
-1.1135
-3.5475
-0.16939
-0.9048
0.37781
-0.37032
-0.11639
1.1693
0.64415
-1.3335
0.26849
0.9864
0.2436
1.2327
0.16542
-0.28852
-0.061226
0.91688
-1.4914
-4.1898
-0.1275
-0.63108
-0.40117
0.20072
-0.54823
0.51188
-0.93447
-1.0783
0.62246
0.70402
0.45392
0.55066
0.48841
-0.11597
1.1126
0.58671
0.89379
-2.9578
-0.50749
0.32702
1.3442
0.96692
0.24871
-0.77904
0.43118
1.0731
0.54545
-0.66936
-0.37507
0.2315
0.15406
1.3418
-0.33358
-0.87976
-1.1983
0.72634
0.40205
0.60171
-0.022699
-0.19986
0.11043
-0.22442
0.89101
0.29788
-0.63842
1.064
0.97025
0.61808
1.1019
0.8249
1.0056
1.3522
0.5661
0.0057127
-0.33914
0.54358
0.79699
-1.5565
0.87114
0.12514
0.92658
0.99285
-0.79083
0.76571
1.7888
-0.021315
-2.2903
0.44845
-2.4591
-0.059219
0.36574
0.67209
0.78108
-1.9745
0.47032
-1.3307
0.47155
0.31451
-0.99182
0.63977
0.34931
-0.4062
0.89465
0.85905
1.2399
1.1025
3.59
1.1947
-0.44522
-1.7572
0.56863
-0.58427
-0.33817
-0.71712
-2.4395
0.79959
0.1373
0.67268
0.76182
-2.349
0.40969
0.41573
0.34922
1.5544
0.64314
-2.2802
0.42025
-0.87284
0.28252
-0.2579
0.26479
0.70044
0.71394
0.48304
0.8802
1.2153
0.62997
0.3223
0.18285
0.35779
1.0518
1.067
-1.9366
-2.524
0.0032754
0.11944
-0.98775
0.58179
0.3691
0.40762
0.62349
1.9381
-0.79667
-0.14233
-0.24412
0.66907
0.50528
-0.62491
-1.4178
0.73676
-1.6753
0.43276
1.1397
0.78623
-0.68754
1.4775
-2.0447
0.0073155
0.62049
-0.16669
0.3478
-1.4972
0.23516
-0.26421
1.0921
-1.598
0.44312
-0.195
-0.90194
0.18211
-0.20996
0.67321
0.14271
0.097691
-0.33035
0.081861
0.67048
0.52772
-0.021496
0.62805
0.82715
-0.41064
-2.9341
0.70793
-0.39052
0.5322
1.1614
0.46793
-2.9476
-1.2282
0.65701
0.76499
-1.0889
0.76872
-0.19514
-1.4027
0.026373
0.066621
1.0658
0.67785
-0.29575
-1.3659
1.0561
0.75236
0.3822
-0.35512
1.1407
-0.83491
0.13325
-1.2468
-1.2333
-0.13145
1.8307
-0.50495
0.3382
-0.42687
-1.7244
0.28407
1.1484
0.049423
0.56071
1.1995
-1.6552
1.051
-0.19427
-2.0383
-2.1589
0.50019
0.86016
-0.89819
1.3319
-0.23974
0.74137
0.09782
-1.4575
0.044554
-1.0973
-1.7299
0.12594
0.7104
-0.13721
0.4574
-0.75742
-3.0559
1.0477
-4.794
0.99926
-2.6289
-2.6078
1.1035
-0.067636
0.27783
0.078373
0.29954
0.25486
0.38675
1.2292
-0.19625
0.65805
-0.71586
0.39286
1.0935
-1.6701
-1.5485
1.314
0.76884
0.7115
1.5361
0.8354
-1.9854
0.57674
-0.47566
1.2876
0.14072
0.68807
-1.446
0.90199
0.35877
-0.65048
0.35013
1.0068
0.24993
-0.34577
-1.0153
0.71058
0.65853
0.034065
0.50111
-0.020493
0.42038
-0.076901
0.35552
0.62617
0.019705
-0.52855
-1.078
1.2712
0.66892
0.64403
0.88273
1.0866
0.74921
0.60688
-0.67334
-0.11743
-1.7615
-0.37578
-0.83235
-0.029195
0.56266
-1.732
0.89644
0.87859
-0.44199
1.2505
-0.37561
-1.2311
0.34782
0.72339
-0.68379
-0.35902
1.1162
0.73071
-0.51058
-0.87088
0.045498
-0.11278
0.28173
-0.13732
-1.2542
-0.15573
-0.88527
0.31948
0.12767
-0.85819
-0.010109
0.35399
0.35868
0.8948
-0.047799
0.51985
-3.3784
0.41326
0.29247
0.32178
-2.1146
1.2633
0.57109
-0.56026
-0.028
-1.9876
0.40358
0.26209
0.43859
0.41778
1.0606
0.35472
