0.32644
0.32635
0.32646
0.32657
0.32667
0.32653
0.3266
0.3266
0.32645
0.32651
0.32641
0.32636
0.32636
0.32634
0.32634
0.32634
0.32616
0.3262
0.32605
0.32593
0.32583
0.32583
0.32566
0.32554
0.32551
0.3254
0.3254
0.32537
0.32536
0.32541
0.32539
0.32535
0.3254
0.32517
0.32522
0.32516
0.32507
0.32494
0.32494
0.32493
0.32488
0.32477
0.32481
0.32483
0.3248
0.32483
0.32482
0.3247
0.32469
0.32478
0.32487
0.32485
0.32484
0.32485
0.32487
0.32488
0.32494
0.32494
0.32496
0.32465
0.32471
0.3247
0.32471
0.32462
0.32461
0.32461
0.3246
0.3246
0.32462
0.32461
0.32453
0.32453
0.32429
0.32429
0.32412
0.32412
0.32412
0.32402
0.32404
0.32404
0.32401
0.32401
0.32384
0.3238
0.32378
0.32351
0.32332
0.32339
0.32339
0.32339
0.32349
0.32315
0.32321
0.32333
0.32334
0.32335
0.32337
0.3234
0.32329
0.32332
0.3234
0.3234
0.3234
0.3234
0.32308
0.32287
0.32265
0.32286
0.32295
0.32295
0.32283
0.32279
0.32279
0.32281
0.32289
0.32295
0.32332
0.32332
0.32328
0.32326
0.32326
0.32301
0.32303
0.32298
0.32294
0.32297
0.32299
0.32298
0.32298
0.32297
0.32296
0.32289
0.32301
0.32303
0.32306
0.32324
0.32288
0.32272
0.32281
0.32266
0.32267
0.32261
0.32267
0.3227
0.32269
0.32263
0.32239
0.32223
0.32222
0.32252
0.32259
0.32269
0.32225
0.32227
0.32246
0.32262
0.32211
0.32213
0.32212
0.32205
0.32186
0.32191
0.32201
0.32216
0.32216
0.3225
0.32252
0.32252
0.32264
0.32276
0.32262
0.32268
0.32276
0.32269
0.32291
0.32292
0.32295
0.32295
0.32302
0.32301
0.32303
0.32289
0.32299
0.32334
0.32341
0.32356
0.32358
0.3237
0.3235
0.32364
0.32367
0.32371
0.32318
0.32287
0.32297
0.32309
0.32276
0.32262
0.32265
0.32277
0.32275
0.32262
0.32278
0.32269
0.32289
0.32316
0.32347
0.32298
0.32246
0.32241
0.32231
0.32217
0.32216
0.32245
0.32231
0.32234
0.32219
0.32253
0.32267
0.32209
0.32121
0.32037
0.32006
0.32019
0.32029
0.32048
0.32062
0.32014
0.3195
0.31974
0.31968
0.31956
0.31947
0.3197
0.31958
0.31994
0.31952
0.31931
0.31946
0.31957
0.3196
0.31993
0.31994
0.32015
0.3201
0.32018
0.32035
0.32036
0.32054
0.31996
0.32037
0.31988
0.31991
0.31982
0.31976
0.31999
0.3202
0.32021
0.31998
0.31975
0.3197
0.31964
0.31945
0.31893
0.31889
0.3183
0.31866
0.31867
0.31879
0.31858
0.31891
0.31822
0.31821
0.31783
0.31799
0.31831
0.31837
0.31878
0.31865
0.31813
0.31845
0.31806
0.31768
0.31813
0.31837
0.31851
0.31835
0.31824
0.3184
0.31834
0.31833
0.31831
0.31844
0.3182
0.31728
0.31736
0.31762
0.31777
0.31701
0.3172
0.3172
0.31718
0.31727
0.31715
0.31725
0.3178
0.3179
0.31791
0.31794
0.31844
0.31902
0.3191
0.31886
0.31829
0.31754
0.31743
0.31668
0.31665
0.31654
0.31582
0.31543
0.31515
0.31534
0.31505
0.31569
0.31578
0.31534
0.3154
0.3154
0.31521
0.31561
0.31511
0.31568
0.3159
0.31593
0.3161
0.31662
0.31637
0.31524
0.31557
0.31571
0.31535
0.31526
0.31494
0.31491
0.3156
0.31608
0.31566
0.31589
0.31577
0.31594
0.31647
0.31681
0.31681
0.31635
0.31611
0.31668
0.3165
0.31671
0.31699
0.31644
0.31609
0.31624
0.31611
0.31528
0.31599
0.31649
0.3156
0.31485
0.31476
0.31505
0.31458
0.31494
0.31456
0.31424
0.3141
0.31438
0.31445
0.31387
0.31392
0.31378
0.31363
0.31429
0.31425
0.31364
0.313
0.31294
0.31319
0.31299
0.31276
0.31261
0.31151
0.31094
0.3105
0.31104
0.31119
0.31172
0.31198
0.31161
0.31203
0.3119
0.31233
0.31306
0.31337
0.31281
0.31305
0.31307
0.31343
0.31302
0.3138
0.31343
0.31422
0.31464
0.31548
0.31655
0.31674
0.31638
0.31684
0.31559
0.31626
0.31693
0.31701
0.31694
0.31771
0.31857
0.31854
0.31936
0.31986
0.32006
0.32056
0.32027
0.32085
0.32013
0.32035
0.32121
0.32001
0.32017
0.3204
0.32131
0.32213
0.3214
0.3212
0.32164
0.3215
0.32122
0.32154
0.32134
0.32012
0.31988
0.31874
0.31802
0.3176
0.31778
0.31771
0.31818
0.31794
0.318
0.31824
0.31827
0.31886
0.31831
0.31825
0.31868
0.31839
0.31937
0.32032
0.32056
0.32051
0.32054
0.32039
0.31966
0.31959
0.31845
0.31851
0.31867
0.31879
0.31917
0.31993
0.31898
0.31923
0.31832
0.31768
0.31686
0.31772
0.31813
0.31823
0.31936
0.31892
0.3199
0.31951
0.31908
0.31826
0.31649
0.31707
0.31678
0.31759
0.31665
0.31705
0.31697
0.31668
0.31634
0.31706
0.31682
0.31676
0.31765
0.3171
0.31737
0.31832
0.31872
0.31957
0.31949
0.31897
0.31874
0.31863
0.31696
0.31745
0.31824
0.3186
0.31862
0.319
0.32006
0.32046
0.31904
0.31911
0.31793
0.31815
0.3197
0.31835
0.31754
0.31755
0.31794
0.31889
0.32001
0.31953
0.31936
0.31826
0.31952
0.31858
0.31678
0.31476
0.31445
0.31593
0.31679
0.31727
0.31881
0.31875
0.31815
0.3162
0.31622
0.31629
0.31709
0.31737
0.31833
0.31889
0.32058
0.32068
0.32233
0.32324
0.32217
0.32206
0.32298
0.32266
0.32374
0.32457
0.32331
0.32274
0.32438
0.32297
0.32452
0.32568
0.32409
0.32386
0.32256
0.32057
0.31889
0.32013
0.31939
0.32041
0.32104
0.32043
0.32032
0.31762
0.31737
0.31875
0.31682
0.31805
0.31964
0.31998
0.3195
0.32031
0.3191
0.3198
0.31861
0.31674
0.31778
0.31599
0.31247
0.31357
0.31365
0.31233
0.31114
0.3098
0.31177
0.31046
0.31077
0.31191
0.31114
0.31008
0.31097
0.30803
0.30711
0.30774
0.30664
0.30726
0.30686
0.30785
0.30891
0.30996
0.30863
0.3073
0.30957
0.30845
0.31029
0.30928
0.31148
0.3133
0.31385
0.31248
0.31561
0.31398
0.31649
0.31714
0.31707
0.31754
0.31842
0.31907
0.31421
0.31618
0.31678
0.31819
0.32025
0.32106
0.31737
0.31645
0.31758
0.31815
0.32102
0.32252
0.32427
0.32529
0.32077
0.31954
0.31945
0.32219
0.31938
0.31641
0.31709
0.31548
0.31443
0.31842
0.31803
0.31956
0.31694
0.31342
0.31472
0.31506
0.31264
0.30864
0.31352
0.31636
0.31334
0.31182
0.31322
0.30958
0.30954
0.30844
0.30848
0.30949
0.31321
0.31521
0.31025
0.30563
0.3037
0.30244
0.30188
0.30421
0.30529
0.30392
0.30287
0.30638
0.30055
0.30717
0.30837
0.31776
0.31275
0.32206
0.31698
0.30641
0.29838
0.29988
0.29925
0.28981
0.27645
0.26941
0.26923
0.26422
0.26583
0.27489
0.27367
0.27858
0.2776
0.29157
0.29637
0.25662
0.23893
0.21333
0.17125
0
