0.088763
0.10141
0.11353
0.12172
0.13334
0.14203
0.1543
0.1543
0.16268
0.17156
0.17959
0.18629
0.18966
0.20193
0.20193
0.20193
0.20758
0.21246
0.21566
0.21892
0.22453
0.22453
0.22721
0.23008
0.23272
0.23785
0.23785
0.23932
0.24082
0.24275
0.24407
0.24549
0.24729
0.24892
0.25084
0.25252
0.25356
0.25438
0.25594
0.25734
0.25833
0.25916
0.26035
0.26129
0.26193
0.26271
0.26373
0.26442
0.26543
0.26635
0.26706
0.26775
0.26825
0.26883
0.26962
0.27015
0.2709
0.2715
0.27238
0.27278
0.27354
0.27411
0.27458
0.27505
0.27561
0.27619
0.27657
0.27719
0.27785
0.27827
0.27865
0.27911
0.27939
0.27975
0.27996
0.28033
0.2807
0.28086
0.28172
0.28172
0.28217
0.28251
0.28266
0.283
0.28344
0.28342
0.28354
0.28404
0.2848
0.2848
0.28531
0.28523
0.28554
0.2861
0.28638
0.28664
0.28697
0.28731
0.28737
0.28769
0.28837
0.28837
0.28863
0.28884
0.28866
0.28867
0.28858
0.289
0.28939
0.28961
0.28972
0.28991
0.29013
0.29039
0.29076
0.29106
0.29172
0.29191
0.29205
0.29236
0.29236
0.29222
0.29241
0.29252
0.29266
0.29288
0.29305
0.29324
0.29337
0.29352
0.29363
0.29373
0.29404
0.29423
0.29441
0.2948
0.29454
0.29448
0.29473
0.29477
0.29489
0.29499
0.29518
0.29535
0.29549
0.29558
0.2955
0.29545
0.29559
0.29604
0.29625
0.29654
0.29617
0.29635
0.29674
0.29706
0.29665
0.29676
0.29683
0.29685
0.29683
0.29701
0.29725
0.29764
0.29764
0.2982
0.29833
0.29838
0.29859
0.2988
0.29878
0.2989
0.29907
0.29913
0.29945
0.29953
0.29967
0.29974
0.2999
0.29999
0.30008
0.29997
0.30015
0.30061
0.30078
0.30106
0.30114
0.30133
0.30119
0.30143
0.30154
0.30162
0.30114
0.30087
0.30109
0.30127
0.30099
0.30091
0.30108
0.30126
0.30141
0.30134
0.30156
0.30154
0.30182
0.30222
0.30269
0.30222
0.30175
0.30178
0.30175
0.30166
0.30176
0.30216
0.30209
0.30218
0.30207
0.30254
0.30275
0.3022
0.30134
0.30049
0.30021
0.30038
0.30053
0.30077
0.30096
0.30052
0.29986
0.30018
0.30019
0.30016
0.30009
0.30039
0.30034
0.30075
0.30035
0.30015
0.30032
0.30049
0.30053
0.30094
0.30102
0.30126
0.30129
0.3014
0.30166
0.30172
0.30192
0.30133
0.30189
0.30141
0.3015
0.30145
0.30144
0.30171
0.30195
0.30201
0.30182
0.30159
0.3016
0.30158
0.3014
0.30086
0.30089
0.3003
0.30069
0.30074
0.30092
0.30075
0.30116
0.30049
0.30053
0.30014
0.30036
0.30073
0.30082
0.30132
0.3012
0.30072
0.3011
0.3007
0.30032
0.30086
0.30113
0.30133
0.30121
0.30111
0.30128
0.30124
0.30127
0.30133
0.30148
0.30127
0.30034
0.30047
0.30078
0.30098
0.30015
0.30039
0.3004
0.30041
0.30054
0.30043
0.30062
0.30123
0.30138
0.3014
0.30146
0.30204
0.30271
0.30283
0.30259
0.30204
0.30129
0.30116
0.30037
0.30038
0.30032
0.29961
0.29922
0.29897
0.29919
0.29892
0.29965
0.29977
0.29932
0.29939
0.29939
0.2992
0.29962
0.29913
0.29975
0.3
0.30009
0.30029
0.30082
0.30055
0.2994
0.29976
0.29993
0.29958
0.29954
0.29927
0.29932
0.3001
0.30059
0.30018
0.30047
0.30036
0.30056
0.30114
0.3015
0.30148
0.30106
0.30084
0.3015
0.30132
0.30158
0.30188
0.30134
0.30102
0.30118
0.3011
0.30025
0.30104
0.30152
0.30062
0.29991
0.29985
0.30013
0.29966
0.30004
0.29966
0.29935
0.29924
0.29951
0.2996
0.29903
0.29912
0.29899
0.29886
0.29959
0.29958
0.299
0.29835
0.29829
0.29859
0.2984
0.29818
0.29804
0.29695
0.2964
0.29595
0.29655
0.29672
0.2973
0.29762
0.29727
0.29772
0.2976
0.29803
0.2988
0.29917
0.29859
0.29882
0.29884
0.29918
0.29879
0.29964
0.29929
0.30013
0.30057
0.30144
0.30259
0.30279
0.30246
0.30295
0.30167
0.30242
0.30318
0.30327
0.30322
0.304
0.30494
0.3049
0.30579
0.30633
0.30656
0.30705
0.30677
0.30732
0.30657
0.3068
0.30775
0.30648
0.30668
0.30696
0.30794
0.30886
0.30815
0.30797
0.30841
0.30826
0.308
0.30833
0.30812
0.30686
0.30662
0.30546
0.30472
0.3043
0.30451
0.30443
0.30491
0.30471
0.30476
0.30504
0.30511
0.30576
0.30528
0.30522
0.30569
0.30532
0.30638
0.3074
0.30766
0.30756
0.30755
0.30746
0.30674
0.30668
0.30552
0.30557
0.30567
0.30577
0.30616
0.30692
0.30594
0.30622
0.30532
0.30468
0.30391
0.30483
0.3052
0.30534
0.30652
0.30607
0.30714
0.30673
0.30633
0.30551
0.30373
0.30431
0.30395
0.30482
0.30386
0.3043
0.30422
0.30394
0.30363
0.3044
0.30415
0.30413
0.30506
0.30453
0.30478
0.30581
0.30624
0.30717
0.30712
0.30663
0.30642
0.30628
0.30459
0.3051
0.30595
0.30635
0.30646
0.30684
0.30786
0.30829
0.30683
0.3069
0.30567
0.30596
0.3076
0.30625
0.30543
0.30546
0.30591
0.30693
0.30808
0.30765
0.30744
0.30638
0.30772
0.30678
0.30496
0.30293
0.3026
0.30416
0.30508
0.30556
0.30719
0.30711
0.30646
0.30456
0.30463
0.3046
0.30543
0.30566
0.30665
0.30729
0.30897
0.30904
0.31071
0.3117
0.31068
0.31058
0.31146
0.31124
0.3124
0.31327
0.31192
0.31137
0.31306
0.31164
0.31323
0.31441
0.31272
0.31257
0.31122
0.30925
0.30753
0.30885
0.30815
0.30915
0.30986
0.3093
0.30924
0.30661
0.30626
0.3077
0.3057
0.30697
0.30862
0.30891
0.30844
0.30925
0.30803
0.30875
0.30762
0.30575
0.30682
0.30495
0.30143
0.30253
0.30255
0.30125
0.3
0.29858
0.30054
0.29918
0.29949
0.30052
0.29974
0.29865
0.29963
0.29668
0.2959
0.29657
0.29549
0.29624
0.29587
0.29696
0.29795
0.29905
0.29767
0.29634
0.29866
0.29754
0.29946
0.29852
0.30077
0.30267
0.30323
0.30179
0.30508
0.30341
0.30602
0.30672
0.30668
0.30716
0.30807
0.30867
0.30372
0.30573
0.30653
0.30803
0.31023
0.31098
0.30723
0.30631
0.30744
0.30794
0.31077
0.31215
0.31378
0.31463
0.30994
0.30875
0.30873
0.31155
0.30889
0.30583
0.30652
0.30489
0.30383
0.308
0.30753
0.30906
0.30639
0.30284
0.30426
0.30465
0.30197
0.29785
0.30302
0.30587
0.30279
0.30117
0.30276
0.29904
0.29904
0.29807
0.29816
0.2989
0.30283
0.30478
0.29968
0.29518
0.29299
0.29114
0.29046
0.29287
0.29422
0.29276
0.29162
0.29531
0.28933
0.29641
0.29775
0.3075
0.30244
0.31234
0.30731
0.29665
0.28896
0.29022
0.29005
0.28047
0.26692
0.25974
0.25963
0.25453
0.25586
0.26546
0.26395
0.26963
0.2683
0.28224
0.28788
0.24609
0.22809
0.20106
0.15416
NaN
