0.25444
0.25444
0.25444
0.25455
0.2545
0.25444
0.25444
0.25439
0.25445
0.25445
0.25435
0.25435
0.25435
0.25436
0.25435
0.25437
0.25425
0.25448
0.25436
0.25423
0.25417
0.25421
0.25417
0.25414
0.25413
0.25422
0.25416
0.25417
0.25409
0.25406
0.25421
0.25418
0.25408
0.25405
0.25406
0.25406
0.25414
0.2541
0.25404
0.25387
0.2538
0.25384
0.25375
0.25375
0.25372
0.25341
0.25341
0.25338
0.25336
0.25321
0.25352
0.2535
0.25335
0.25351
0.25346
0.25341
0.25332
0.25321
0.25311
0.25317
0.25309
0.25299
0.25297
0.25316
0.2531
0.2531
0.25309
0.25311
0.25311
0.25289
0.25287
0.25311
0.25325
0.25329
0.25331
0.25332
0.25338
0.25351
0.25374
0.25369
0.25363
0.25351
0.25345
0.25357
0.25346
0.2534
0.25324
0.25314
0.25307
0.25305
0.25303
0.25322
0.25321
0.2532
0.2532
0.25304
0.25299
0.25299
0.25313
0.253
0.2529
0.2529
0.25318
0.25321
0.25319
0.25315
0.25315
0.25311
0.25306
0.25317
0.25314
0.25299
0.25292
0.25303
0.25317
0.25333
0.25325
0.25329
0.25335
0.25336
0.2534
0.25339
0.25344
0.25337
0.25337
0.25338
0.25341
0.25344
0.2534
0.25326
0.25328
0.2533
0.25325
0.25324
0.25328
0.25304
0.253
0.25319
0.25277
0.25278
0.25278
0.25245
0.25269
0.2527
0.25284
0.25281
0.2528
0.25279
0.25288
0.25295
0.25316
0.25346
0.25355
0.25368
0.25369
0.25367
0.25367
0.25402
0.25415
0.25416
0.25416
0.25416
0.25406
0.25406
0.25406
0.25429
0.25427
0.25428
0.25428
0.25426
0.25377
0.25377
0.25338
0.25338
0.25339
0.25354
0.25356
0.25355
0.25361
0.25361
0.25392
0.25403
0.25403
0.25411
0.25391
0.2538
0.25379
0.2538
0.2539
0.2539
0.25387
0.25369
0.25348
0.25348
0.25368
0.25335
0.25333
0.25327
0.25362
0.25361
0.25361
0.25363
0.25315
0.25315
0.25323
0.25297
0.25277
0.25279
0.25279
0.25283
0.25282
0.25281
0.25271
0.25272
0.25272
0.25285
0.25286
0.25286
0.25266
0.25268
0.25258
0.2526
0.25259
0.25228
0.2523
0.25228
0.25203
0.25202
0.25205
0.25209
0.2519
0.25188
0.25149
0.25149
0.25148
0.25153
0.25152
0.25143
0.25143
0.25134
0.2513
0.25117
0.25087
0.25088
0.25065
0.25066
0.25048
0.25036
0.25034
0.25033
0.25032
0.25037
0.25057
0.25083
0.25086
0.25086
0.25086
0.25081
0.25081
0.25075
0.25073
0.25076
0.25078
0.25091
0.25059
0.25018
0.25019
0.25017
0.25011
0.25012
0.25009
0.25016
0.25018
0.25015
0.25021
0.25021
0.24996
0.25003
0.25025
0.25025
0.2498
0.24975
0.24974
0.25028
0.24981
0.24984
0.24987
0.25002
0.25007
0.25008
0.25014
0.24986
0.2498
0.24987
0.24992
0.24991
0.24998
0.24969
0.24945
0.24883
0.24837
0.24852
0.24846
0.24832
0.24867
0.24867
0.24863
0.24863
0.2485
0.24844
0.2486
0.24874
0.24882
0.24856
0.24858
0.24847
0.24847
0.24863
0.24865
0.24891
0.24909
0.24927
0.24924
0.24911
0.24912
0.2491
0.24912
0.2488
0.249
0.249
0.24921
0.2492
0.24919
0.24924
0.24941
0.24941
0.24951
0.24963
0.24961
0.25008
0.25017
0.25011
0.25009
0.25031
0.25033
0.25032
0.25047
0.25064
0.25025
0.25028
0.25018
0.25006
0.25001
0.25009
0.25016
0.25017
0.25044
0.25047
0.25053
0.2505
0.25021
0.25032
0.24989
0.24991
0.24998
0.24929
0.24935
0.24941
0.24995
0.24944
0.24899
0.24913
0.2492
0.24914
0.24938
0.2489
0.24879
0.24898
0.24846
0.24827
0.24783
0.24814
0.24757
0.24737
0.24729
0.24803
0.24794
0.24806
0.24836
0.24845
0.24855
0.24851
0.24823
0.24855
0.24877
0.24884
0.24881
0.2486
0.24887
0.24912
0.24912
0.24929
0.2493
0.24952
0.24974
0.25009
0.24998
0.25012
0.25005
0.2491
0.24895
0.24921
0.24891
0.24869
0.24873
0.24816
0.24844
0.24869
0.24862
0.24867
0.24851
0.24847
0.24882
0.249
0.24867
0.24863
0.24841
0.24866
0.2485
0.24821
0.24843
0.24843
0.24787
0.24787
0.24783
0.24782
0.24668
0.24648
0.24614
0.24634
0.24641
0.24654
0.24588
0.24608
0.24646
0.24647
0.24647
0.24643
0.24634
0.2463
0.24601
0.24647
0.24683
0.24683
0.24621
0.24636
0.24629
0.24619
0.24645
0.24647
0.24676
0.24674
0.24641
0.24568
0.24578
0.24609
0.24622
0.24629
0.24664
0.24717
0.24712
0.24758
0.24755
0.2473
0.24702
0.24721
0.24727
0.24748
0.24775
0.24767
0.24765
0.24758
0.24711
0.24702
0.24716
0.24739
0.24726
0.24752
0.2477
0.24754
0.24775
0.24838
0.24889
0.24883
0.24786
0.24809
0.24834
0.24839
0.24833
0.24893
0.24918
0.24921
0.24989
0.24989
0.25047
0.25047
0.24987
0.25009
0.24971
0.24944
0.24953
0.24962
0.25054
0.24977
0.2496
0.25001
0.24992
0.2498
0.24871
0.24873
0.24949
0.24986
0.2504
0.25107
0.25128
0.25245
0.2523
0.25213
0.25281
0.25204
0.25301
0.25315
0.2523
0.25297
0.25226
0.25216
0.25175
0.25188
0.25103
0.25103
0.25086
0.25091
0.25048
0.25185
0.25178
0.25196
0.25204
0.25196
0.25174
0.25183
0.25079
0.25131
0.24944
0.25047
0.25137
0.25192
0.25274
0.25241
0.25245
0.25321
0.25319
0.25301
0.25231
0.2525
0.25193
0.25176
0.25037
0.25011
0.25084
0.25132
0.25117
0.25183
0.25187
0.25244
0.25285
0.25302
0.25322
0.25382
0.25377
0.25467
0.25497
0.2547
0.25529
0.25472
0.2547
0.25471
0.25451
0.25422
0.25421
0.25353
0.25424
0.25326
0.25337
0.25417
0.25406
0.25442
0.25544
0.25471
0.25479
0.25356
0.25387
0.2548
0.25548
0.25499
0.25602
0.25678
0.25744
0.25687
0.25633
0.25761
0.25794
0.25768
0.2583
0.25832
0.25812
0.25877
0.25948
0.25961
0.26063
0.26076
0.2614
0.26238
0.26277
0.26308
0.26207
0.26151
0.26162
0.26324
0.26363
0.26434
0.2638
0.26304
0.26364
0.2627
0.26241
0.26275
0.26353
0.26443
0.26559
0.26362
0.26335
0.26235
0.26189
0.26132
0.25984
0.25904
0.25848
0.25929
0.26026
0.25886
0.25626
0.25566
0.25614
0.25405
0.25042
0.25034
0.24629
0.24626
0.24668
0.24898
0.24494
0.24702
0.2444
0.24514
0.24423
0.24436
0.24398
0.24309
0.24222
0.24184
0.24446
0.24073
0.24037
0.2414
0.24174
0.23856
0.23324
0.23479
0.23346
0.2354
0.23666
0.23431
0.23462
0.23356
0.23436
0.23616
0.23636
0.23866
0.2401
0.24285
0.24102
0.24099
0.24248
0.24215
0.24018
0.24128
0.2352
0.23863
0.24212
0.24566
0.24416
0.24907
0.24547
0.24894
0.25411
0.25972
0.25844
0.25054
0.2508
0.25193
0.25829
0.23569
0.21943
0.21833
0.21847
0.19442
0.16613
0
