0.22423
0.22423
0.22423
0.22444
0.22444
0.22449
0.22449
0.22448
0.22465
0.22465
0.22459
0.22463
0.2247
0.22477
0.22483
0.22493
0.22486
0.22517
0.22505
0.22494
0.22491
0.22501
0.22502
0.22501
0.22507
0.22527
0.22526
0.22532
0.22526
0.22526
0.22546
0.22547
0.22541
0.22545
0.22553
0.2256
0.22579
0.22578
0.22576
0.2256
0.22556
0.22564
0.22565
0.22565
0.22568
0.22545
0.22545
0.22548
0.22549
0.22536
0.22575
0.2258
0.22569
0.22592
0.22589
0.22589
0.22582
0.22574
0.22565
0.2258
0.22575
0.22568
0.22568
0.22598
0.22599
0.22599
0.22602
0.22604
0.22607
0.22588
0.22588
0.22618
0.22638
0.22645
0.22652
0.22659
0.22672
0.22696
0.22729
0.2273
0.22728
0.22718
0.22716
0.22736
0.22726
0.22724
0.2271
0.22703
0.22699
0.22701
0.22702
0.22728
0.2273
0.22733
0.22737
0.22722
0.22727
0.22727
0.22748
0.22739
0.22732
0.22734
0.22772
0.22781
0.22782
0.22779
0.22783
0.22782
0.2278
0.22798
0.22799
0.22787
0.22781
0.22796
0.22814
0.22837
0.22835
0.22842
0.22852
0.22857
0.22865
0.22869
0.22878
0.22875
0.22878
0.22883
0.22888
0.22897
0.22895
0.2288
0.22887
0.22893
0.22893
0.22893
0.22903
0.22881
0.2288
0.22905
0.22859
0.22864
0.22867
0.2283
0.22863
0.22868
0.22885
0.22885
0.22888
0.22888
0.22898
0.2291
0.22936
0.22975
0.22987
0.23004
0.23009
0.2301
0.23015
0.23057
0.23075
0.23079
0.23084
0.23086
0.23075
0.23078
0.23081
0.23111
0.23114
0.23118
0.2312
0.23122
0.23066
0.23069
0.23029
0.23033
0.23037
0.23058
0.23062
0.23064
0.23071
0.23074
0.23111
0.23126
0.23129
0.23142
0.23125
0.23117
0.23119
0.23123
0.23134
0.23137
0.23134
0.23117
0.23096
0.23099
0.23127
0.23094
0.23094
0.23086
0.2313
0.23132
0.23134
0.2314
0.23085
0.23088
0.23101
0.23075
0.23053
0.2306
0.23064
0.23068
0.2307
0.23071
0.23064
0.23069
0.23071
0.23089
0.23094
0.23097
0.23076
0.23083
0.23072
0.23076
0.23078
0.23044
0.2305
0.23051
0.23028
0.23029
0.23036
0.23042
0.23024
0.23025
0.22983
0.22986
0.22986
0.22993
0.22994
0.22983
0.22985
0.22978
0.22976
0.22966
0.22931
0.22934
0.22911
0.22914
0.22898
0.22888
0.22888
0.22891
0.22892
0.22901
0.22922
0.22948
0.22954
0.22956
0.22958
0.22956
0.22959
0.22955
0.22955
0.22961
0.22966
0.22982
0.22951
0.22903
0.22906
0.22906
0.22903
0.22906
0.22906
0.22915
0.2292
0.2292
0.2293
0.22932
0.22903
0.22913
0.22936
0.22938
0.2289
0.22888
0.22889
0.22946
0.22898
0.22903
0.22909
0.22926
0.22932
0.22937
0.22944
0.22915
0.22911
0.22923
0.2293
0.2293
0.22941
0.22909
0.22887
0.2282
0.22771
0.22791
0.22787
0.22775
0.22822
0.22822
0.2282
0.22822
0.22807
0.22803
0.22827
0.22843
0.22852
0.22825
0.2283
0.22818
0.22821
0.22841
0.22847
0.22878
0.22898
0.22922
0.22921
0.22909
0.22912
0.22912
0.22915
0.22884
0.22909
0.22913
0.22937
0.22937
0.22936
0.22944
0.22962
0.22964
0.22978
0.22988
0.22988
0.2304
0.23052
0.23049
0.23049
0.23076
0.23078
0.23081
0.23098
0.23117
0.23072
0.23078
0.23069
0.23058
0.23054
0.2307
0.23079
0.23084
0.23116
0.23117
0.23124
0.23124
0.23091
0.23107
0.23061
0.23066
0.23075
0.23001
0.23011
0.2302
0.23087
0.23032
0.22982
0.23
0.23011
0.23004
0.23032
0.22981
0.22968
0.22989
0.22933
0.22913
0.22868
0.22903
0.22842
0.22823
0.22815
0.22896
0.2289
0.22904
0.22938
0.22949
0.22962
0.22961
0.22932
0.22969
0.22994
0.23005
0.23002
0.2298
0.2301
0.23039
0.23035
0.23054
0.23059
0.23085
0.23111
0.23151
0.23143
0.23159
0.23155
0.23051
0.23036
0.23067
0.23037
0.23015
0.23023
0.22962
0.22995
0.23023
0.23019
0.23026
0.23011
0.23009
0.23049
0.23072
0.23038
0.23036
0.23015
0.23044
0.23027
0.23
0.23022
0.23026
0.22961
0.22963
0.22962
0.22965
0.22845
0.22824
0.22785
0.22808
0.22816
0.22834
0.22765
0.22784
0.22828
0.22832
0.22833
0.2283
0.2282
0.22819
0.22785
0.22829
0.22867
0.22868
0.22806
0.22823
0.22817
0.22806
0.22839
0.22842
0.22876
0.22876
0.22841
0.22761
0.22772
0.22811
0.22822
0.22829
0.22866
0.22924
0.22923
0.22969
0.22971
0.22945
0.22917
0.22936
0.22944
0.22969
0.23001
0.22992
0.22995
0.22989
0.22944
0.22936
0.22952
0.22981
0.22967
0.22987
0.2301
0.22993
0.23011
0.2308
0.23138
0.23134
0.23029
0.23053
0.23083
0.23091
0.23087
0.2315
0.23178
0.23183
0.23265
0.23261
0.23319
0.23323
0.23256
0.23283
0.23246
0.2321
0.23225
0.23239
0.2334
0.23259
0.23247
0.23285
0.23279
0.23266
0.23149
0.2315
0.23232
0.23273
0.23333
0.23402
0.23418
0.23548
0.23536
0.2352
0.23592
0.23504
0.23618
0.2364
0.23552
0.23631
0.23558
0.23551
0.23505
0.2352
0.23432
0.23431
0.23418
0.23424
0.2338
0.23525
0.23509
0.23534
0.23546
0.23542
0.23522
0.23535
0.23421
0.23477
0.23269
0.23382
0.23482
0.23539
0.23621
0.23588
0.23591
0.23678
0.23676
0.23662
0.23584
0.23606
0.23543
0.23526
0.23379
0.23354
0.23433
0.23486
0.23472
0.23538
0.23546
0.23608
0.23655
0.23674
0.23698
0.23764
0.23761
0.23859
0.23899
0.23872
0.23935
0.23873
0.23875
0.23873
0.23845
0.23817
0.23823
0.23745
0.23818
0.23723
0.23743
0.23813
0.23803
0.23844
0.23948
0.23873
0.23883
0.23751
0.2379
0.23889
0.23971
0.23922
0.24028
0.24116
0.24196
0.24138
0.24082
0.2421
0.24248
0.24226
0.24286
0.2429
0.24275
0.24351
0.24424
0.24428
0.24522
0.24547
0.24616
0.24719
0.24749
0.24785
0.2469
0.24638
0.24649
0.24824
0.24872
0.24939
0.24884
0.24796
0.24872
0.24772
0.24739
0.24776
0.24846
0.24931
0.25043
0.24847
0.24821
0.24721
0.2468
0.24609
0.24442
0.24356
0.24301
0.24382
0.24485
0.24334
0.24063
0.23992
0.24045
0.2383
0.23432
0.23423
0.22987
0.22988
0.23034
0.23286
0.22851
0.23075
0.22794
0.22885
0.22795
0.22813
0.22765
0.22668
0.2259
0.2255
0.22827
0.22434
0.22403
0.22507
0.2254
0.22224
0.21659
0.2181
0.21681
0.21887
0.22019
0.21781
0.2181
0.21713
0.21805
0.21989
0.21998
0.22249
0.22415
0.22697
0.22513
0.22502
0.22668
0.22649
0.22455
0.22579
0.2196
0.22319
0.22679
0.23056
0.2292
0.23428
0.23051
0.23438
0.23978
0.24573
0.24448
0.23638
0.2371
0.23808
0.24472
0.2216
0.20442
0.20354
0.20365
0.17844
0.14879
