0.33718
0.33718
0.33698
0.33716
0.33717
0.33717
0.33713
0.33699
0.33697
0.33702
0.33695
0.33688
0.33699
0.33702
0.33689
0.33662
0.33648
0.33661
0.33672
0.33669
0.33662
0.33677
0.33709
0.33709
0.33702
0.33703
0.33687
0.33676
0.33678
0.33713
0.33701
0.33684
0.33667
0.3366
0.33666
0.33653
0.33641
0.33623
0.33594
0.33592
0.33577
0.33564
0.33545
0.3352
0.33479
0.33484
0.33488
0.33495
0.33481
0.33487
0.33484
0.3348
0.33475
0.33457
0.33447
0.33439
0.33425
0.33438
0.33443
0.33402
0.33404
0.33402
0.33403
0.33392
0.3338
0.33383
0.33367
0.33352
0.33336
0.33323
0.33299
0.33306
0.33296
0.33298
0.33289
0.33279
0.33261
0.33256
0.33238
0.33242
0.33252
0.33247
0.33221
0.33219
0.33191
0.33181
0.33178
0.3318
0.33164
0.33118
0.33118
0.33111
0.33089
0.3308
0.33073
0.33077
0.33068
0.33063
0.33066
0.33063
0.33058
0.33059
0.33053
0.33044
0.33035
0.33026
0.33023
0.33022
0.33013
0.3298
0.32963
0.32963
0.3296
0.3296
0.32952
0.32921
0.32893
0.32873
0.32871
0.32858
0.32862
0.32859
0.32857
0.32818
0.32783
0.32779
0.32784
0.32782
0.32773
0.32739
0.32711
0.32706
0.32703
0.32701
0.32702
0.32703
0.32706
0.32702
0.32685
0.32684
0.32681
0.3268
0.32721
0.32673
0.32671
0.32667
0.32665
0.32659
0.32658
0.3266
0.32655
0.32654
0.32653
0.32652
0.32652
0.3265
0.3265
0.32648
0.32649
0.32646
0.32616
0.32628
0.32609
0.32611
0.32624
0.32624
0.3261
0.3261
0.3261
0.3261
0.3261
0.32609
0.32608
0.32608
0.32606
0.32607
0.32607
0.32608
0.32589
0.32589
0.32578
0.32577
0.32578
0.32578
0.32578
0.32579
0.32578
0.3258
0.32564
0.32564
0.32563
0.32564
0.32563
0.32585
0.32617
0.32617
0.32588
0.3259
0.3259
0.3259
0.3259
0.32591
0.32578
0.32581
0.32585
0.32546
0.32504
0.32504
0.32506
0.32506
0.32505
0.32505
0.32515
0.32518
0.32518
0.3252
0.32522
0.32549
0.32551
0.32525
0.32527
0.32531
0.32531
0.3253
0.32485
0.32489
0.32492
0.32489
0.32488
0.32491
0.32492
0.32505
0.3248
0.32481
0.32481
0.32475
0.32416
0.32379
0.32387
0.32382
0.32385
0.32386
0.32387
0.3239
0.32394
0.32395
0.32379
0.3239
0.32343
0.32346
0.32343
0.32348
0.3235
0.32336
0.32329
0.32332
0.32337
0.32343
0.32324
0.32326
0.3233
0.32333
0.32336
0.3238
0.32387
0.32387
0.32381
0.32388
0.32393
0.32364
0.3236
0.32371
0.32315
0.32325
0.32259
0.32264
0.32265
0.32271
0.32274
0.32294
0.323
0.32307
0.32306
0.32305
0.32284
0.323
0.32302
0.32322
0.32325
0.32328
0.32316
0.32328
0.32308
0.32311
0.32272
0.32266
0.32258
0.3227
0.32282
0.32285
0.32292
0.3229
0.32247
0.32253
0.32269
0.32277
0.32295
0.32311
0.32301
0.32305
0.32311
0.32326
0.32335
0.32332
0.32344
0.32341
0.3235
0.32367
0.32365
0.32364
0.32367
0.32369
0.32383
0.32373
0.32363
0.32369
0.32376
0.32389
0.32417
0.32407
0.32405
0.32405
0.32403
0.32406
0.32403
0.32414
0.32423
0.32361
0.32337
0.32323
0.32321
0.32326
0.32328
0.32265
0.32263
0.32249
0.322
0.32187
0.32191
0.3221
0.32216
0.32223
0.32236
0.32241
0.32248
0.32246
0.32259
0.32267
0.32264
0.32272
0.32285
0.32297
0.32299
0.32251
0.32165
0.3215
0.32159
0.32168
0.32134
0.32127
0.32018
0.3203
0.32054
0.32059
0.32061
0.32061
0.32059
0.32084
0.32024
0.3204
0.31957
0.31981
0.31987
0.3199
0.31996
0.32007
0.3196
0.31982
0.31993
0.32009
0.32007
0.32043
0.31993
0.31997
0.32004
0.32051
0.32023
0.3202
0.32009
0.32015
0.32027
0.32034
0.31988
0.31976
0.32033
0.32074
0.32088
0.32079
0.32074
0.32052
0.32014
0.32015
0.3202
0.32042
0.32043
0.32043
0.32076
0.32028
0.32048
0.32084
0.32119
0.32144
0.32147
0.32156
0.32159
0.32205
0.32188
0.32195
0.32161
0.32144
0.32157
0.32173
0.32179
0.32254
0.3228
0.32285
0.32252
0.3229
0.32303
0.32303
0.32334
0.32351
0.32343
0.32345
0.32347
0.32356
0.32268
0.32267
0.32268
0.32323
0.32384
0.32325
0.32326
0.32326
0.32366
0.32385
0.32454
0.32316
0.32329
0.32335
0.32336
0.32339
0.32332
0.32331
0.32344
0.32388
0.32392
0.32397
0.32343
0.32343
0.32319
0.32334
0.32372
0.32374
0.32373
0.32373
0.32417
0.32414
0.32422
0.32452
0.32482
0.3248
0.32478
0.32497
0.32506
0.32545
0.32521
0.32522
0.32544
0.32495
0.32475
0.32466
0.32473
0.32396
0.3241
0.32465
0.32521
0.32565
0.326
0.32656
0.3266
0.32668
0.3273
0.32689
0.32692
0.32695
0.32717
0.32763
0.32786
0.32823
0.32849
0.32844
0.32855
0.32835
0.32859
0.32907
0.3292
0.32936
0.32933
0.3292
0.32932
0.32963
0.32947
0.32985
0.32977
0.33029
0.33033
0.33101
0.331
0.33158
0.33184
0.33259
0.3333
0.33325
0.33388
0.33442
0.33445
0.33444
0.33479
0.33482
0.33553
0.33619
0.33646
0.33657
0.3367
0.33662
0.33622
0.33579
0.33525
0.33583
0.33689
0.33684
0.33716
0.33694
0.33704
0.33644
0.33621
0.3362
0.33651
0.33645
0.33719
0.33731
0.33781
0.33844
0.33904
0.33951
0.33946
0.33867
0.33902
0.3397
0.34043
0.34067
0.34051
0.33978
0.33932
0.33994
0.34039
0.33932
0.33927
0.33928
0.34061
0.34058
0.34076
0.34082
0.33878
0.33871
0.33882
0.33916
0.33982
0.33992
0.34035
0.33991
0.34041
0.33997
0.34012
0.34011
0.34056
0.33974
0.34031
0.34058
0.34049
0.34025
0.34111
0.34089
0.34086
0.34074
0.34102
0.34107
0.34177
0.34146
0.34184
0.34218
0.3418
0.3419
0.34263
0.34256
0.34253
0.34329
0.34308
0.34346
0.34443
0.34516
0.34512
0.34478
0.34527
0.34548
0.3457
0.34593
0.34628
0.34573
0.34502
0.34515
0.34528
0.34592
0.34726
0.34583
0.34483
0.34358
0.34412
0.34592
0.34645
0.34871
0.34816
0.34858
0.34844
0.3489
0.34952
0.34982
0.35024
0.34871
0.34851
0.34891
0.34859
0.35064
0.34916
0.348
0.34856
0.34882
0.35101
0.35243
0.35075
0.35047
0.34977
0.34875
0.34786
0.34861
0.34969
0.35093
0.35164
0.35309
0.35453
0.35177
0.35244
0.3554
0.35398
0.35521
0.35426
0.35559
0.35721
0.3552
0.35313
0.35327
0.35401
0.35162
0.35121
0.35068
0.34909
0.34681
0.34567
0.34807
0.34807
0.34494
0.34462
0.34374
0.34618
0.34497
0.34908
0.34571
0.343
0.33844
0.3318
0.32803
0.32327
0.32365
0.318
0.3259
0.33207
0.31949
0.31805
0.31274
0.30204
0.2924
0.30139
0.30047
0.27879
0.2492
0.21565
