0
0
0
-2.59416
0
0
0
0
0
0
0
0
0
0
0
0
0
0
0
0
0
0
-2.72284
0
2.70749
0
0
0
0
0
0
0
0
0
0
0
0
0
0
0
0
0
0
0
0
0
0
0
0
0
0
0
0
0
0
0
0
0
0
3.02875
0
0
0
2.69851
3.44528
0
0
0
0
-2.764
0
0
0
0
0
0
0
2.82504
0
0
0
0
0
0
0
0
0
0
0
0
0
0
0
0
0
0
0
0
0
2.67953
0
0
3.02996
0
0
3.29538
0
2.75393
0
0
0
0
0
2.70491
0
0
0
0
0
0
0
0
0
2.72698
0
0
0
0
0
0
0
0
0
0
0
0
0
0
0
0
0
0
0
0
0
0
3.20489
2.71487
0
0
0
0
0
0
0
0
0
0
0
0
0
0
0
0
0
0
3.15419
0
0
0
0
0
2.87122
0
0
0
0
2.80562
0
0
0
2.79678
0
0
0
0
0
0
0
0
0
0
0
0
0
0
0
0
0
0
0
0
0
0
0
0
0
0
0
0
0
0
0
0
0
0
0
0
0
0
0
0
0
0
0
0
0
0
0
0
0
0
0
0
0
0
0
0
0
0
0
0
0
0
0
0
0
0
0
0
0
0
0
0
0
0
0
0
0
0
0
0
0
0
0
0
0
0
0
0
0
0
0
0
0
0
0
0
0
0
0
0
3.13318
0
3.07171
2.76365
0
0
2.82084
0
0
0
0
2.75599
2.99553
0
0
0
0
0
0
0
0
0
0
0
0
0
0
0
0
0
0
0
0
0
0
0
0
0
0
0
0
0
0
0
0
0
0
0
0
0
0
0
0
0
0
0
0
0
0
0
0
0
2.87775
2.64481
0
2.8754
0
0
0
0
0
0
0
0
0
0
0
0
0
0
0
0
0
2.64241
0
0
3.56871
0
0
0
0
0
0
0
0
0
0
0
0
0
0
0
0
0
0
0
0
0
0
0
0
0
0
0
0
0
0
0
0
0
0
0
0
0
0
0
0
0
0
0
3.02121
2.72903
0
0
0
0
0
0
0
0
0
0
0
0
0
0
0
0
0
0
0
0
0
0
3.17944
0
0
0
0
0
0
0
0
0
0
0
0
0
0
0
0
0
0
0
0
0
0
2.75788
0
0
0
0
0
0
0
0
0
0
0
0
0
0
0
3.12221
0
0
0
0
0
0
0
0
0
0
0
0
0
2.79156
0
0
0
0
0
0
0
0
0
0
0
0
0
0
0
0
0
0
0
0
2.59921
0
2.76156
0
2.79975
0
0
0
0
0
0
0
0
0
0
0
0
0
0
0
0
0
0
2.60565
0
3.06099
0
0
0
0
0
0
0
0
0
0
0
0
0
0
0
0
0
0
0
0
0
0
0
0
0
2.65875
0
0
0
0
0
0
0
0
0
0
0
0
0
0
0
0
0
0
0
0
0
0
0
0
0
0
0
0
0
0
0
0
0
0
0
0
0
0
0
2.77298
0
0
0
0
2.77127
0
0
0
0
0
0
0
0
0
0
0
0
0
0
0
0
0
0
0
0
0
0
0
0
0
0
0
0
0
0
0
3.56368
0
0
0
0
0
0
3.18605
0
0
0
0
0
0
0
2.99599
0
0
0
0
0
2.88548
0
0
0
0
0
0
0
0
2.75964
0
0
0
0
0
0
0
0
0
0
0
0
0
0
0
0
0
0
0
0
0
0
0
0
0
0
0
0
0
0
0
0
0
0
0
0
0
0
0
0
0
0
0
0
0
0
0
0
0
