0
0
0
0
0
0
0
0
-2.39768
0
0
0
0
0
0
0
0
0
0
0
0
0
0
0
0
0
0
-2.29611
0
0
0
0
0
0
0
0
0
0
0
0
0
0
0
0
0
0
0
0
0
-2.33907
0
0
-2.4748
0
0
0
-2.23938
-2.22927
0
0
0
0
0
0
0
0
0
0
0
0
0
0
0
0
0
0
0
0
0
0
0
0
0
0
0
0
0
0
0
0
0
2.42384
0
0
0
0
0
0
0
-2.84649
-3.27478
0
0
0
-2.76661
0
0
0
0
0
0
0
0
0
-2.53808
-2.9424
0
0
0
0
0
0
0
0
0
-2.64016
0
0
0
2.54166
2.28897
2.27889
0
0
0
0
0
0
0
0
0
0
0
0
0
0
-2.6178
-3.02014
0
0
0
0
-2.39735
0
0
0
0
0
0
0
0
0
0
0
0
2.37528
0
-2.30117
0
0
0
0
0
0
0
2.81631
0
0
0
0
0
0
0
0
0
0
0
0
-2.60053
0
-2.34583
0
0
0
0
0
0
0
0
0
0
0
0
0
0
0
0
0
0
0
0
0
0
0
0
0
0
0
0
0
0
0
0
0
0
0
-2.47565
0
-2.25175
0
0
0
-2.44623
0
0
-2.39819
-2.25251
0
0
0
0
0
0
2.30454
0
0
0
0
0
0
0
0
0
-3.01083
0
0
0
0
0
0
0
0
0
0
0
0
0
0
0
0
0
0
0
0
0
0
0
0
0
0
-3.42616
-2.93382
0
-2.45323
-3.06645
0
0
0
0
0
0
0
0
-2.30914
-2.88769
0
0
0
0
0
-2.59042
0
0
0
0
0
0
0
0
0
0
2.43803
0
3.50014
0
0
0
0
0
0
0
0
0
0
0
0
0
-2.32285
0
0
0
0
0
0
0
0
0
0
0
0
0
0
0
0
2.31025
0
0
-2.35669
0
2.21226
0
0
0
0
0
0
0
0
0
0
0
0
0
0
0
0
0
-2.45789
0
0
0
0
3.13898
2.20331
0
0
3.195
0
0
2.20788
0
0
0
0
0
0
0
0
0
0
0
0
0
0
0
-2.67998
0
0
0
0
0
0
0
0
0
0
0
0
0
0
0
-2.47366
0
0
0
0
0
0
-3.36248
0
0
0
-2.43727
0
0
0
0
0
0
0
0
-2.46631
0
0
-2.24026
0
-2.87736
0
0
0
0
0
0
0
0
0
0
0
0
0
0
0
0
0
0
0
0
0
0
0
0
0
0
0
0
0
0
0
0
0
0
0
0
0
0
0
-2.87791
0
-2.77231
-2.70329
0
0
0
0
0
0
0
0
0
0
0
0
0
0
0
0
0
0
0
-2.6188
0
0
0
0
0
0
0
-2.31912
0
0
0
0
0
0
0
-3.3947
0
-2.56752
0
0
0
0
0
0
0
0
0
0
0
0
0
0
0
0
0
-2.3329
0
0
0
0
0
-2.23714
0
0
0
0
0
0
-2.21339
0
0
0
0
0
0
0
0
0
0
0
0
0
0
0
0
0
0
0
0
0
0
0
0
0
0
0
0
0
0
-2.32009
0
0
0
0
0
0
0
0
2.21987
0
0
0
0
0
0
0
0
0
0
0
0
0
0
0
0
0
0
0
0
0
0
0
0
0
0
0
0
0
0
0
0
0
0
0
0
0
0
0
0
-3.033
0
-2.67032
0
0
0
-2.46034
0
0
0
0
2.42547
0
0
0
2.26751
0
0
2.24911
0
0
0
2.27416
0
0
0
0
0
0
0
0
0
-2.20953
0
0
0
-2.20558
0
0
0
0
0
0
0
0
0
0
0
0
0
0
0
0
0
0
0
0
0
0
0
0
0
0
-2.29672
0
0
0
0
0
0
0
-2.34522
0
0
0
0
0
0
0
0
0
0
0
0
0
0
0
0
0
