0
0
0
-2.48688
0
0
-1.76371
0
0
0
0
0
0
0
0
0
0
2.28135
0
0
0
0
0
-2.3109
3.33545
0
0
0
0
0
0
0
0
0
0
0
0
0
0
0
0
0
0
0
0
0
0
0
0
0
0
0
0
0
0
0
0
0
0
0
0
0
0
0
2.57619
0
0
0
0
0
0
0
0
0
2.13136
0
0
0
0
0
0
0
0
0
0
0
0
0
0
0
0
2.21031
1.77216
0
0
0
0
0
0
0
0
0
0
0
0
0
0
0
0
0
0
0
0
0
0
0
0
0
0
0
0
0
0
0
-1.81249
0
0
0
0
0
0
2.74286
0
0
0
0
0
0
0
0
1.93718
0
0
0
0
1.8596
0
0
0
0
0
0
-2.23832
0
0
0
2.44967
0
0
0
0
-2.6358
0
0
0
2.58475
0
0
3.63739
0
0
0
0
-2.31093
0
0
0
0
0
0
0
0
0
-2.15133
-2.10178
0
0
0
0
0
0
0
0
0
0
0
0
0
0
0
0
0
0
-2.36486
0
0
0
0
-2.14907
0
0
-1.96943
0
0
0
0
0
0
0
0
0
0
0
0
0
0
1.76623
0
0
0
0
0
0
0
0
0
0
0
0
0
0
0
0
0
0
0
-1.77491
0
0
0
0
0
0
0
0
0
0
0
0
0
0
0
0
0
-1.91407
0
0
1.80742
0
0
0
0
1.79404
0
0
0
0
0
0
0
2.05694
0
0
0
0
0
0
2.19113
0
0
0
0
0
0
2.48677
0
0
1.87404
0
0
0
0
0
0
0
0
0
0
0
0
0
0
0
0
0
0
0
0
0
0
0
0
0
-1.79708
0
0
0
0
-2.5864
0
0
0
0
0
0
0
2.15129
0
0
0
0
-2.25122
0
0
0
0
0
0
2.17415
-2.85019
-2.35597
0
0
0
0
0
0
0
0
0
2.24938
2.30796
2.99088
0
0
0
0
0
0
0
0
0
0
2.06923
0
0
0
0
0
0
0
0
0
0
0
0
0
0
0
0
0
0
0
0
0
0
0
0
0
0
0
0
0
0
0
0
0
0
0
0
0
0
2.63257
0
0
0
0
0
0
0
1.85914
0
0
0
0
0
0
0
0
0
0
0
0
0
0
0
0
0
0
0
0
0
0
2.05852
0
0
0
0
0
0
0
0
0
0
0
0
0
0
0
0
0
0
0
0
0
0
0
2.51532
0
0
0
0
0
0
0
0
0
0
0
0
1.87134
0
2.55865
0
0
0
0
0
0
0
0
0
0
0
0
0
0
1.83547
0
2.18863
0
0
0
0
0
0
0
0
0
0
0
0
0
0
0
0
0
0
0
0
0
0
1.90858
0
0
0
0
0
0
0
0
0
0
0
0
1.85265
0
0
-1.77355
0
0
0
0
0
0
-1.77326
0
0
0
0
0
0
0
0
1.78185
0
0
0
0
0
0
0
0
0
0
0
-2.3127
0
-1.76276
0
0
0
-1.82781
0
0
0
0
0
0
0
0
0
0
0
0
0
0
0
0
0
0
0
0
0
0
0
0
0
0
0
0
0
0
0
0
0
0
0
0
-2.36275
0
0
0
0
0
0
0
0
0
0
0
0
0
0
0
0
0
0
0
0
0
0
0
0
0
0
0
0
1.77687
0
0
0
-2.05224
0
0
0
0
0
0
0
0
-1.89604
0
0
0
0
0
0
0
0
0
0
0
0
0
-2.13444
0
0
0
0
0
0
0
0
0
0
0
0
0
0
2.14542
0
0
0
0
0
0
0
0
0
0
0
0
0
0
0
2.34526
0
0
0
0
0
2.26141
0
0
0
0
0
0
0
0
0
0
0
0
0
0
0
