-3.24398
-0.532425
-1.69343
-2.46079
-2.55268
-1.88543
-1.42373
-0.455227
-2.64544
0.439988
0.699387
0.448791
-1.60511
-0.533544
-0.965409
-1.46004
-1.50521
-0.365963
-0.984791
-1.46892
-1.4609
-1.75563
-0.390796
-2.09925
-0.882073
0.836893
-0.972661
-0.418805
-0.440816
-0.998553
-0.187093
-0.000294537
-0.663036
-0.419892
-0.710262
-0.414496
-0.0115856
0.017523
0.0519234
0.167797
1.15659
-0.21168
0.69262
0.963659
-0.284712
-0.29122
-0.337961
-0.631787
-0.469635
-1.05162
-1.5398
-0.548167
-1.24844
0.103074
0.362616
0.750573
1.72509
0.986638
1.66009
1.94799
1.74478
1.043
1.14741
1.09679
0.387695
0.0049679
1.2644
0.790554
0.468262
0.354693
0.817726
0.699156
-0.0229753
0.29694
-0.557541
-0.26027
0.140233
1.26076
-0.351816
0.323193
-0.584167
-0.415334
-0.520256
-0.0796662
0.252509
-0.0749507
0.409685
0.982603
0.369664
0.423086
0.0643588
0.322309
1.0588
0.876055
-0.5621
0.58049
0.21087
1.65077
0.989419
-0.0752218
-0.947359
-0.771025
0.0181379
-1.354
-0.174691
1.3012
1.16236
0.519967
1.63768
1.32534
0.891769
1.5464
1.18913
1.68822
1.39461
-0.254328
-0.837603
1.52982
0.135799
0.513843
-0.190833
1.55837
2.07056
-1.30148
0.374693
-0.00370478
0.566665
1.02826
-0.227546
0.0210094
1.60614
0.656136
0.124605
0.937404
0.877336
0.584422
-0.138961
-0.674406
-0.128286
-0.363127
-0.448539
-1.16644
-0.196965
-0.586518
-0.741151
-0.571099
0.0659633
-0.181869
-0.440578
-0.44904
0.0540298
-0.670503
-1.61586
-0.25434
0.648064
-0.558863
-0.415635
-0.629668
-0.596725
-0.869634
-1.37243
-0.478419
0.0575471
1.52754
0.91524
1.37506
1.60857
0.259238
0.0507
0.0922634
0.307934
0.777552
-1.36629
-1.79169
-0.767995
0.572472
0.670943
1.42914
0.888294
1.66229
