-2.50152
-0.757509
-1.93713
-2.45623
-2.34556
-1.86344
-1.23265
-1.07146
-1.57854
-0.559975
-0.279909
-0.451528
-1.94723
-0.204238
-1.29653
-1.91466
-1.83983
-0.147138
-1.5877
-1.23245
-1.01162
-1.53936
-0.720589
-0.22977
-0.126532
-0.121038
-0.829335
-0.134729
-0.836668
-1.3226
-0.131376
0.254497
-0.0364129
-0.350824
-0.576949
-0.79545
-0.231092
0.312707
-0.726196
-0.217591
0.74231
-0.754502
0.152711
0.0114807
-0.812643
-0.907319
-1.04098
-1.36262
-0.959745
-1.32366
-1.38453
-0.884652
-1.34022
-0.664006
-0.483539
-0.436826
1.19124
1.01989
1.45171
1.03432
2.00388
0.838934
0.88839
1.23399
0.885231
0.374539
-0.0305959
0.0954748
1.09876
0.161622
0.116158
0.646818
-0.306124
0.560185
0.537525
0.368605
0.218135
0.232296
-0.101009
-0.0742293
-0.218429
0.154723
-0.137365
0.229037
0.0371481
0.0638169
0.105781
1.02438
0.235742
0.492188
0.305171
0.9762
1.05435
1.33882
-0.903129
-0.249389
-0.47725
0.0717402
0.428034
-0.0414793
-0.208032
0.685872
0.753439
-0.170404
-0.233886
1.90784
1.10136
1.16525
1.93192
2.16591
1.14918
2.04872
0.852258
1.54425
1.18117
-0.740026
-1.00455
1.94582
0.901436
1.26871
0.4619
1.85553
1.67119
-0.531924
0.390481
0.533761
0.780606
0.386759
-0.195925
-0.0287254
1.50711
0.528755
0.469844
0.690691
0.921706
0.360493
0.026078
-0.479609
-0.219538
-0.505009
-0.608442
-1.33236
-0.47487
-0.953671
-1.21129
-1.10706
-0.314402
0.0300542
-0.487619
-0.410227
-0.410175
-1.66566
-0.846404
0.141423
0.81316
-0.797135
-0.513751
-1.17213
-0.795988
-0.135687
-0.931481
-0.49588
0.352111
2.24857
1.38991
2.02727
1.49239
1.39461
0.674193
0.098721
0.48374
1.06898
-0.141365
-0.248611
-0.279779
0.635078
0.40761
1.40584
1.203
1.68596
