2.04526
0.138876
0.949647
1.32404
1.16788
0.655456
0.61456
0.715188
1.04262
0.656744
0.87322
0.883959
0.872622
0.672544
1.59596
0.501658
-0.371702
-0.541486
-0.070986
0.127078
0.64823
0.683787
0.845848
1.98477
0.175455
-0.0867045
-0.86216
0.0821246
0.528331
0.550085
0.823227
-0.60582
0.465925
-0.00183193
-0.0407375
1.30068
-0.1714
-0.497062
-0.163487
-0.00727312
-0.5986
0.0766636
0.420767
-0.00671048
0.577656
1.07602
0.333865
0.598897
0.721928
0.19875
0.833748
-0.59698
1.38884
0.224656
-0.516829
0.797754
-0.510727
-2.1647
-2.71323
0.0725771
-1.7564
-0.544024
0.650048
-0.0957506
-0.772198
0.972092
0.488634
0.333022
-0.0711116
0.145503
0.434931
0.153561
0.644666
0.308967
1.22275
0.962017
0.634654
0.569812
0.928103
0.693196
1.02901
1.39751
1.31896
0.787484
1.22943
0.0920255
0.757381
-0.414518
0.409587
-0.0837573
0.822142
0.55402
-0.146041
0.336725
0.777798
0.0756809
0.164846
0.524797
0.370838
0.329191
0.198861
0.57289
-0.576874
1.23631
-0.00840273
-1.66326
-1.91423
-1.06505
-1.28363
-2.54678
-0.421723
-1.91205
-0.492055
-1.10001
-0.92363
-0.0983944
0.350268
-2.97352
-0.869894
-1.72014
-0.580133
-2.72871
-1.42026
0.397007
-0.239939
-0.489356
-0.58431
-1.22169
-0.0603255
-1.14278
-2.77355
-1.34645
-0.170471
-1.19507
-0.87471
-0.246252
0.185713
-0.354824
0.0719931
-0.253236
0.855095
0.537548
0.604817
0.165036
0.676764
0.139137
0.0501204
0.239491
0.656985
0.0272227
0.868109
0.518861
0.323368
0.229685
-0.4568
0.794416
0.0194518
-0.303384
0.990588
0.253445
-0.356313
-0.364399
0.136549
-2.38301
-1.38849
-1.06177
-1.95863
0.278105
0.539403
0.432349
0.977355
-2.39955
1.23379
1.52515
1.43489
-0.732342
-0.425666
-2.42932
-0.716774
-3.24769
