-3.78815
-0.424654
-1.34747
-2.70453
-2.54676
-1.41857
-0.77399
0.357844
-2.61388
0.527257
1.71931
1.4788
-1.60129
0.283354
0.418444
-0.424901
-0.0589118
0.0844112
-0.953845
-1.09772
-0.77393
-1.33795
-0.459395
-3.38764
0.111471
0.6856
0.542201
0.861427
-0.268443
-0.419403
0.0284428
0.825421
-0.20397
0.737113
0.221313
-0.104245
-0.0780646
1.04263
0.0976799
1.40864
0.506179
0.753213
1.32046
1.61436
0.0213889
0.968378
0.245938
0.56196
0.781661
0.412775
-0.660612
-0.320766
-1.40381
0.253056
0.659753
1.15814
0.305947
-1.05383
-0.545548
0.510816
-0.536218
0.36311
1.17792
0.114839
-0.510444
0.167622
0.578996
0.77436
0.597581
0.667875
-0.0373777
0.181341
0.676622
1.08165
1.36351
1.33114
0.772757
1.41432
1.64731
1.96992
0.826443
0.97969
0.76802
0.73157
0.438298
0.406403
0.429574
0.393544
0.705507
1.03809
0.474153
-0.089636
0.270202
0.434468
0.615689
1.48383
0.768546
1.34372
0.876139
0.329232
-0.641186
-0.639286
-1.08297
-1.65625
0.000876793
0.612657
-0.864574
0.31032
0.817494
-0.945533
0.528611
0.00840247
0.543314
0.596703
0.111248
0.150574
0.564097
-1.74013
-1.22873
-1.54088
-0.711049
-1.23038
-0.630294
-1.88582
0.12182
-0.982375
-0.509046
-0.207624
1.45119
0.151272
-0.946484
0.243102
0.772682
0.0673222
-0.349501
0.653391
0.350445
-0.370803
0.583486
0.267634
0.0976106
-0.326953
0.106023
1.16123
-0.39008
-0.472054
0.100527
1.12128
1.12173
1.0262
0.0917644
-0.328682
-1.54484
-0.623811
-0.655808
-0.358431
-0.229998
-1.13465
0.142419
-0.773493
0.164952
1.17241
-0.760157
-0.811896
-0.276742
-0.413596
-0.687163
-0.288325
0.98182
-0.194869
1.04048
-0.808634
-1.8926
-3.22961
-0.773119
0.182578
0.769644
-1.38086
1.54867
-0.970162
