1.34217
1.09519
1.83727
2.19218
1.89195
1.09384
0.839369
0.671
1.05781
-0.166616
-0.363048
-0.177377
1.73522
0.839497
1.70617
1.59101
0.860651
0.0881938
1.16752
1.34952
1.1931
0.684762
1.32431
1.29445
0.137123
-0.208874
0.311537
0.220611
0.875071
1.36115
1.26782
0.293014
0.836447
0.589311
0.61438
1.74417
0.513246
0.197819
0.872365
0.30034
-0.872714
0.727482
-0.362317
-0.52477
0.902616
1.38001
0.546479
0.810743
1.13404
0.832718
0.573291
0.135149
1.03177
0.0245624
-0.306564
-0.182526
-1.08229
-2.22454
-2.64044
-0.388024
-1.55963
-1.74015
-0.589524
-0.968535
-0.236921
0.457807
-0.498193
-0.615912
-1.6369
-0.792513
-0.785699
-1.11745
-0.0906317
-1.28554
-0.00748136
-0.106396
-0.244816
-0.880363
0.361997
-0.445783
0.363326
-0.22871
-0.320568
-0.424489
0.146361
-0.267738
-0.267169
-0.579518
-0.0653052
-0.603397
0.277175
-0.0454591
-1.14502
-0.383571
0.80133
-0.414943
-0.267544
-0.675323
-0.0527666
0.440537
0.627393
0.637458
-0.077201
0.969536
0.229002
-1.33786
-0.603428
-1.3978
-2.40731
-2.27799
-0.814573
-2.08985
-1.13979
-1.64762
-1.31598
-0.152667
0.330662
-1.79648
-0.542182
-1.19179
-0.269517
-1.91328
-1.62327
0.0963662
-0.247613
-0.00134211
0.0789197
-0.390702
0.24384
-0.352389
-2.23875
-1.0043
-0.229831
-0.847356
-0.801876
-0.0342662
-0.0477321
0.238213
0.739735
0.168922
0.829438
1.57029
1.05486
0.250804
-0.0380297
0.605839
0.555384
0.0100535
0.775379
0.333376
1.01782
1.64871
1.36681
0.437028
-0.0373296
1.36388
1.31545
0.845126
1.55885
0.640791
0.501742
0.602254
0.614677
-1.40227
-0.685486
-1.54147
-1.55401
0.588341
-0.504259
-0.0847628
0.0269512
-1.23861
1.00041
0.386109
0.379613
-0.553594
-0.705325
-1.97229
-1.23958
-2.38118
