-2.53704
0.354105
-0.769154
-0.592794
-1.29236
-0.165329
0.49095
-1.2593
-1.29314
-1.49285
-1.31774
-1.44769
-0.690436
-0.00079522
-0.291545
-0.767257
-0.913374
0.953324
-0.118893
-0.21715
0.197866
-0.192932
0.0838303
-0.840137
0.137131
-1.12226
-0.619276
0.468714
-0.724577
-0.332565
0.281884
0.615413
0.156919
0.15316
-0.271022
-0.759175
-0.224556
0.125081
-0.658368
-1.15682
-0.242064
-0.799289
-1.03657
-0.853694
-0.852212
-0.764872
-0.852952
-0.665287
-0.616447
-1.04467
-0.544078
-0.472057
-1.39491
-1.84412
-1.38006
-1.31773
0.00768738
0.141096
0.40321
-0.718956
1.14755
-0.348988
-0.733028
0.382922
0.435767
-0.349164
-1.17304
-0.997372
-0.573309
-0.841994
-0.637321
-0.412758
-1.47752
-0.919206
-0.143373
0.0331151
-0.579842
-1.10692
-0.877706
-1.33498
-1.0863
-0.786352
-1.29002
-0.977
-0.863336
-0.608504
-0.896995
-0.0807433
-0.49373
-0.466521
-0.56683
0.209567
-0.163621
1.09634
-0.416808
-1.19941
-1.43034
-0.999112
-0.614924
-0.63237
-0.30718
1.0158
0.782427
-0.333033
-0.377123
2.70895
1.57341
0.638851
1.87005
3.12897
1.10032
2.69815
0.267727
1.4741
0.941724
-0.818625
-0.461748
1.7898
0.751263
1.36307
0.244989
1.64322
2.18975
-0.371924
0.889936
0.747394
1.42078
1.16222
0.0327746
0.356395
2.24902
1.19265
1.12682
1.15542
1.49628
0.904353
0.464133
0.347917
0.415639
0.636618
-0.284199
-0.319686
0.343539
-0.430242
-0.745337
0.239818
-0.193103
-0.0297582
0.176225
0.0433556
0.417647
-0.725181
-0.00973284
0.99376
1.27273
0.423882
0.635785
0.081788
0.0361622
0.804202
-0.464615
0.0467519
1.1362
1.65584
0.827317
1.30093
2.3166
1.91181
0.276154
-0.933328
-0.157007
2.01882
0.00809157
-0.542584
0.340637
1.15641
0.996198
2.82121
-0.470564
0.584521
