2.53189
0.598032
1.03133
1.65907
2.22243
0.538192
1.13714
-1.44054
0.216853
-0.547197
-0.859885
-0.556486
0.552309
0.543052
1.87111
0.563028
-0.138566
1.1923
-0.386741
0.197249
1.1584
0.819122
0.994312
0.958514
0.380153
-0.450206
-0.834686
0.401147
0.341258
0.334147
1.12028
0.0563182
0.905255
0.486454
0.354625
-0.676449
-0.493705
-0.85772
-0.462456
-1.12769
-1.42677
-0.280041
0.0321107
-0.118941
0.0292026
1.42675
0.0862121
-0.00442802
1.02453
0.0285917
0.201972
-0.767792
-0.335734
-0.963043
-2.57822
-1.02337
-0.846298
-3.48922
-4.01215
0.275276
-1.88735
-0.78649
0.365681
-0.287957
-0.791853
1.01056
0.134173
0.648774
-0.702912
-0.061411
0.165414
-0.374995
-0.123717
0.22784
-0.134333
-0.588077
-0.927061
0.164433
-0.153889
-0.228601
-0.35202
0.0412417
-0.143031
0.283803
-0.301762
-0.256399
0.378732
0.0215583
-0.474874
-0.600325
0.69962
0.713754
0.511152
0.271548
0.652881
-0.351307
-0.902321
0.939012
-0.0320149
0.105329
0.0170851
0.134464
0.0299037
0.716886
0.402961
-1.4366
-0.101661
-0.631494
-0.831723
-3.5448
-0.460546
-2.7241
-0.435263
-0.68804
-0.646187
-0.385816
-0.428464
-1.13577
0.0622908
-0.989549
0.275923
-0.851043
0.368965
-0.362922
0.444671
1.26198
0.960672
0.438338
0.422958
-0.747107
-1.2318
-0.231459
0.767907
-0.0440849
0.572374
1.10171
0.599756
0.0720097
0.585008
0.679901
0.854375
0.810761
0.233419
0.426368
0.129962
-0.0391754
-0.0134918
1.04808
1.04113
0.341846
1.35748
0.901713
0.933622
1.7708
1.06353
1.41371
1.02593
-0.353763
1.38751
1.75598
-0.401219
0.0233537
1.46236
-0.899788
-1.00403
0.266552
-0.85874
0.302685
-0.305568
-0.593863
-0.173161
-0.865421
0.940816
0.503521
0.930119
0.529771
0.156795
-2.11634
-0.722137
-3.73594
