-2.5693
-1.07599
-1.79256
-2.29088
-1.83771
-1.57072
-1.81644
-0.0829305
-0.843066
0.198547
0.189751
0.344052
-1.84059
-0.0215944
-1.47046
-1.55649
-1.03443
-0.940535
-1.45127
-1.36616
-0.881977
-1.165
-0.753145
-0.844027
-0.454108
0.617437
-0.271608
-0.0187189
-0.575541
-1.43198
-0.786043
0.360551
-0.750379
0.0676915
-0.296942
-0.457683
-0.193863
-0.111477
-0.297483
1.3704
1.13996
-0.214893
0.0769664
0.358931
-0.33027
0.0466839
-0.14718
-0.510307
-0.180766
-0.318073
-0.519507
-0.0548704
-0.509461
0.0675651
0.264896
0.325186
2.95483
2.04334
2.74774
2.28082
2.65136
2.04227
1.63144
0.697568
0.792936
-0.420613
0.146631
-0.00813118
1.09335
0.60958
-0.000369597
0.334486
-0.0452537
1.29588
0.245444
-0.0770745
0.107797
0.396981
0.0844947
0.268296
-0.106026
0.240549
-0.0721102
-0.00075279
0.0178498
-0.308824
0.204022
0.736064
0.162528
0.613496
0.250846
0.254023
0.989335
0.553464
-0.703964
0.196484
0.0892407
0.912692
0.0886109
0.126462
-0.361443
-0.0395332
-0.928593
-0.932478
-0.534249
1.18578
1.01039
0.650966
2.13565
1.84797
1.15642
1.95794
0.332106
1.46048
0.943605
-0.190113
0.158756
0.903145
0.182279
0.445038
-0.683865
0.828541
1.22445
-1.79874
0.559373
-0.301311
-0.153542
0.258027
0.152254
-0.326975
1.31694
0.442351
-0.411461
-0.12868
0.438243
-0.392928
-0.463452
-0.850947
-0.0464862
-0.828881
-0.215153
-1.37241
-0.922311
-0.196072
-0.406381
-1.15657
0.0997954
-0.115552
-1.01854
-0.580581
-0.878741
-1.45519
-1.61515
-0.952884
0.0548023
-0.636632
-0.940911
-1.38278
-0.396857
-0.990862
-0.691054
-0.0300865
-0.819628
1.86747
1.13954
1.70874
0.468773
0.422523
0.426427
-0.174548
-0.0326494
1.14528
-0.657279
-1.42055
-0.304456
0.0326275
-0.332468
1.04628
2.22517
2.93187
