1.60704
0.447245
1.33436
1.52964
1.3569
0.926884
0.515246
1.39854
1.88989
0.868148
0.639244
0.832338
1.03411
-0.0644934
0.966999
0.917638
0.688149
-0.0574408
0.490175
0.468221
0.653163
0.70618
0.847336
1.65323
0.286353
0.338938
0.283034
0.346665
0.514051
0.592472
0.229617
-0.793192
0.0826875
-0.00769793
0.242936
1.40262
0.310375
-0.465771
0.456814
0.50819
-0.547972
0.486465
0.328725
0.353526
0.410092
0.808853
0.893402
0.899238
0.638395
0.726762
1.33357
0.276679
1.72511
1.04587
0.698785
0.930591
-0.694659
-1.75297
-1.83417
-0.195577
-2.25319
-0.617544
0.0326727
-0.575922
-0.652057
0.368352
0.825205
0.246865
-0.649109
0.138075
-0.117777
-0.201629
0.677229
-0.168632
0.474313
0.389604
0.0304055
0.575397
0.70655
0.60247
0.809572
0.597674
0.708777
0.335605
0.245413
-0.0620693
0.201495
-0.658318
-0.156415
-0.417707
-0.177308
-0.407064
-1.29729
-0.468466
0.729154
0.493811
0.732154
0.301696
0.676253
0.837892
0.78938
0.72882
-0.419025
0.90208
0.23694
-1.79673
-0.953989
-0.693408
-1.84575
-2.99677
-0.611204
-2.17878
-0.169613
-1.16426
-0.457929
0.244696
0.533169
-3.12759
-1.0928
-1.92457
-0.485905
-2.93211
-2.19588
0.507603
-0.0185039
-0.692833
-0.846827
-0.756376
0.214079
-0.592906
-2.6011
-1.08396
-0.579159
-1.107
-1.15351
-0.522298
-0.0881691
0.0917678
0.418101
0.133096
0.950909
0.866897
0.60758
0.536126
0.704688
0.608688
0.371269
0.139579
0.22313
0.390043
0.37322
1.06516
0.235779
-0.190717
-0.924438
0.709328
0.397709
0.504832
0.870591
-0.143412
0.325493
-0.123652
-0.27507
-2.83179
-1.42518
-2.32654
-2.12786
0.278013
0.14153
0.170532
0.202584
-1.81207
0.87348
1.01888
1.04924
-0.874111
-0.579141
-2.44611
-0.526598
-2.08307
