-2.28778
-0.924103
-1.03662
-1.50553
-2.06409
-1.58429
-1.15453
-1.14171
-0.530725
-0.261592
0.239873
-0.359376
-1.53458
-0.559954
-1.07594
-1.30647
-1.48373
-0.375993
-1.18437
-1.6428
-1.02533
-0.754135
-0.879653
-0.258321
-0.685159
-0.170697
-0.0699886
-0.28404
-0.885962
-0.989637
-1.03675
-0.0381453
-0.492253
-0.118037
-0.264237
-0.445319
0.087409
0.165623
-0.0302685
-0.38843
0.446769
-1.01709
-0.284654
-0.18579
-0.40268
-1.37443
-1.00358
-1.00719
-1.83844
-1.38931
-0.642485
-0.649622
-0.692381
-0.853877
-0.797431
0.324903
1.11596
1.18077
2.39947
1.0915
2.43345
0.774557
0.559967
1.92004
1.36071
0.720571
-0.232174
-0.20573
0.905436
-0.100088
0.0590709
1.42822
-0.299867
0.288477
0.502946
0.985858
0.801974
0.652784
0.217543
0.132992
0.341715
0.605256
0.0244946
0.38181
0.750033
0.493306
0.465594
1.68512
0.78296
1.19922
0.647623
1.1843
1.428
1.5695
-1.15435
-0.402756
-0.810826
-0.0277501
0.459048
0.297607
-0.321505
0.611046
0.471393
-0.520807
-0.799448
1.85178
0.0983843
1.03891
1.92153
2.38694
1.22576
2.48226
0.98871
1.65879
1.33802
-0.587923
-0.887918
0.954681
-0.0023365
0.405896
-0.513277
1.12864
1.39638
-0.583966
0.485802
-0.137061
-0.446384
0.338668
-0.388233
-0.0241747
1.66508
0.411031
-0.00153895
0.379888
0.503744
-0.655974
-0.344962
-0.402543
0.0221042
-0.581795
-0.24546
-1.0098
-0.756221
-1.25973
-1.1986
-0.808319
-0.0938562
-0.58803
-1.15315
-0.677842
-1.41531
-1.36342
-0.942025
-1.02037
-0.328279
-0.944155
-0.483086
-1.42722
-0.911927
-1.20599
-0.263903
-0.274852
-0.499737
1.91477
1.54903
1.75991
1.38922
1.22704
0.672182
0.840483
0.689207
1.12134
-0.646366
-0.482288
-0.340237
0.489975
0.629917
1.01479
1.11792
2.44936
