-1.17426
1.18129
-0.858357
-2.31959
-0.765213
-0.694166
-1.34621
0.964609
0.89454
0.274601
0.516879
-0.992284
-1.07094
-1.29343
-0.63881
-0.0821842
0.672641
2.29805
-0.172364
1.56142
0.9058
0.800863
0.0623228
-0.712442
3.04662
-1.05578
-1.03369
-0.056217
-1.48728
-1.00194
-1.23988
-0.886647
-0.320626
-1.00327
-0.779585
0.276626
1.75088
-0.436095
2.17379
2.40663
1.57201
1.0849
1.94969
0.818079
0.848689
1.17155
1.03851
-0.0348432
0.918361
0.632298
1.21238
0.758667
0.092939
0.89087
0.11714
0.152208
0.503112
-1.82981
0.89427
2.22395
0.951447
-0.369727
-1.12434
1.77414
3.04263
1.71435
-0.711858
-0.625842
-0.141416
-1.26974
-0.904782
-0.840731
-0.538322
-2.03392
-0.00548856
1.26991
0.354841
0.151816
-0.663094
0.880674
-0.340781
-0.327952
0.120823
0.418768
-1.176
-0.861324
-0.916313
1.02503
0.477751
-0.146921
1.61602
2.9018
2.29884
1.91296
-0.149913
0.0811733
-1.08693
0.0901075
1.63251
0.717994
-0.103284
0.304694
1.09226
-0.57433
0.471284
1.17439
1.24251
1.47875
1.17279
2.34673
0.699376
0.440759
1.17735
1.1454
0.853737
-0.425651
0.761644
2.21762
0.52061
2.23241
-0.926606
0.608743
0.727323
0.219111
-2.10879
0.802233
0.176786
1.03891
-0.810553
-0.151434
2.41126
3.32678
-0.0775483
1.44653
0.845451
2.42571
0.607671
1.18389
-1.13172
-0.217525
0.702386
-0.478288
0.280388
-0.462171
-0.58565
0.792358
1.36003
1.10495
0.542625
-0.757904
-1.40917
0.376741
-2.92084
-0.138029
-0.305301
1.35864
2.7161
-0.810971
1.51396
-1.2469
0.119467
-1.75552
0.191875
2.29827
2.19236
3.65049
1.26207
0.0843841
1.88334
-0.869674
0.589024
1.34221
0.718574
-0.852694
0.379025
1.64701
1.12571
2.56976
0.883093
0.0693283
-1.13543
1.47076
-1.19157
-1.79211
-1.65282
-0.20422
-0.0436402
0.478408
0.112565
-1.12241
-2.85019
-1.40391
-1.00879
-0.908418
-0.277286
-0.198105
0.270537
0.902323
-0.23754
1.66124
1.20326
1.07138
1.25255
-1.93388
-0.428371
-2.22293
-0.492148
-0.725047
-1.29966
-1.1984
-1.22012
-2.00543
-1.8847
0.0117982
-1.25485
0.842924
2.1674
0.380455
1.80944
2.22544
1.77277
0.31786
1.18169
-0.1799
0.0490748
0.0477799
1.49579
-0.0164816
0.508447
0.854487
0.416486
0.508699
-0.980218
1.42983
0.969795
-0.0154837
-0.82414
-2.12719
-0.844896
1.81807
1.91176
0.00639743
-1.22315
2.54365
2.02764
1.55076
-2.45995
-1.12851
-0.282403
-1.67997
-0.94974
-1.46282
-2.49998
-2.52337
-0.468436
0.11802
-0.344847
-0.592848
-1.98952
-2.72417
-1.42018
-1.06149
1.72203
0.299266
-1.73355
-1.60779
-2.02217
1.45529
0.846161
0.526767
3.00232
2.44738
2.51825
0.252006
-2.02786
-0.45243
-1.02885
-0.983629
0.00131467
-0.237656
0.890692
1.13119
1.19014
-0.948072
0.509717
0.775666
1.31503
0.953896
0.800827
0.633157
0.78715
0.0264037
1.34329
1.37008
2.51941
-0.749349
0.466143
2.11862
0.322093
2.06713
-0.175055
1.18321
1.49903
0.853189
-1.45811
0.765318
0.737855
-0.619637
-1.03744
-0.431395
1.22415
1.6238
-0.824946
0.991702
1.44918
0.933119
0.129455
1.20959
-1.25739
0.625366
1.02929
-0.672073
-0.53674
-1.51175
-0.187532
0.896356
0.602029
-0.580372
-2.01977
-2.30923
-1.7751
0.287148
-1.40564
-1.40954
-0.155697
1.59739
2.15314
0.958561
1.78325
-0.596842
-0.746906
-1.59421
0.621655
2.32938
2.93886
2.11443
1.48903
0.228296
1.19262
-0.999382
-1.83995
0.76537
-0.07089
-0.385835
1.36457
1.42979
0.104235
1.63914
0.605529
-2.03394
1.32652
1.85682
2.54457
1.26226
0.149917
-0.308044
1.29159
1.00448
0.913493
0.354459
0.413225
0.281271
0.628823
2.81465
0.651173
1.67684
-0.407246
0.97417
0.813652
-0.0511057
0.239294
-0.155594
-1.05668
-0.473002
0.688719
0.47247
0.710035
-0.530014
-0.755304
-0.0540073
1.10479
0.077435
1.33924
-0.0038776
-0.398184
-2.09797
-0.332332
-1.05493
2.36117
-0.10441
-0.0398349
0.563264
0.74186
0.463731
0.629252
1.29675
1.395
1.24471
1.28626
2.34806
1.58795
0.613154
2.07422
1.02311
0.157354
-0.143365
0.669186
1.08075
-0.446742
-0.231449
0.880841
-0.051026
0.772933
0.850538
0.58221
-0.502006
-0.599858
1.02718
2.58943
0.77135
0.482019
0.546317
0.556785
-0.147402
0.449849
0.062061
0.903134
-0.0806615
0.223093
0.963205
-1.64883
-0.0406715
0.533468
3.45202
1.48253
-0.0245263
0.896454
2.42265
2.17434
0.71835
0.269364
-0.0552673
1.18383
1.07662
0.778562
-0.67091
-0.830559
0.942854
-1.38132
1.59344
0.118129
-0.293875
-0.205046
-1.60273
0.388362
0.140115
-0.00576724
3.07313
-0.0992695
1.95622
2.55772
1.61499
0.803953
2.04044
1.40537
1.96588
0.413648
0.786436
0.208098
0.263406
1.12059
0.523092
1.50156
0.010912
-0.0700778
1.61929
0.897963
1.27269
-0.320576
0.0340466
0.28137
-0.544094
1.19627
-0.52847
1.26759
0.447098
-0.530901
1.33891
0.286797
0.759822
1.21626
0.233087
0.00684977
-0.291888
-0.120788
0.0439171
1.58399
0.979138
-0.161378
-1.01439
0.770168
1.59784
0.995101
0.840076
0.604533
0.167465
1.16682
0.29958
1.4938
0.47273
0.267254
-0.00781522
1.00033
-0.0923796
0.503241
0.899099
0.277263
0.803974
1.02114
1.84938
1.2227
0.372268
0.072513
2.18171
0.714247
1.24708
0.0686333
-0.243087
-0.564803
1.30045
0.343587
-0.337326
1.00422
2.01345
1.92777
-1.18991
-0.00443059
0.955056
0.461719
1.56304
0.268458
1.20657
-0.699576
-0.0422974
1.16394
-0.116268
0.0357976
0.329838
0.840419
1.36763
0.333728
-0.533638
-0.0593261
1.4442
-0.982662
-0.948456
-1.72033
-0.258754
-0.424606
0.79426
0.240828
-0.819183
-1.05615
0.396857
-1.41842
-0.279313
0.240634
-0.11796
1.34449
0.849242
0.40737
0.169559
-0.642607
0.55446
-0.0347575
-0.317154
-0.490168
-0.540056
0.687478
-1.60375
-0.72274
-0.649948
0.226455
0.0891063
1.80104
-0.133048
0.914717
1.55464
1.10261
-0.121756
-0.387351
0.140745
0.385218
-0.746881
-0.15805
1.14241
-0.0275153
-1.112
-0.660723
-2.48029
0.27015
-0.35636
0.193797
1.59925
0.854843
0.815089
1.20365
0.165787
0.634749
0.980804
2.24134
-0.425307
2.00479
0.449873
1.27184
1.50506
0.960218
0.80517
1.43243
-0.747496
0.819649
0.740387
0.381592
1.53989
-0.621679
0.2024
1.17946
2.24299
1.33892
0.88716
0.510879
0.265939
-2.34748
1.49016
1.056
1.70262
-0.579041
0.657838
0.143189
0.8015
-0.66396
-0.431827
0.710056
1.69033
0.122916
1.99171
0.505189
1.0099
1.70794
1.89914
1.6547
-0.274449
0.0800881
-0.0856419
-0.54143
-1.68351
-0.00763533
0.791983
1.72898
1.50464
-0.0268164
-0.71551
0.658896
1.29874
0.446599
0.115191
0.100728
0.499538
1.34402
2.60112
2.68273
1.07771
-0.588042
0.732672
0.447856
2.03545
1.31443
0.169552
-0.2598
-0.403624
1.42619
-0.451834
-1.79874
-1.24908
-1.44288
0.787676
1.5774
0.994307
0.653506
-0.575921
-0.08615
1.24351
1.72704
0.369211
1.43353
0.627953
2.08728
0.612209
2.54159
0.370812
-0.0783681
-1.7472
-0.74804
-0.088378
1.30206
-0.167186
0.535656
-0.342018
