-1.5547
0.148039
-0.730386
-2.39985
-0.696533
0.201208
-1.34833
0.58134
1.51531
1.10469
1.23012
1.22321
0.0251698
-1.17836
-1.29049
1.12086
0.90321
2.07984
0.853499
1.76726
0.716229
1.15961
-0.21773
-2.78491
3.13288
1.34887
-0.948174
-0.409495
-1.10359
-0.517331
-1.11282
-1.17249
-0.216449
-1.29998
-1.46274
-0.474163
0.535818
-0.782804
1.11344
1.03709
0.185625
0.303081
1.12126
0.0983276
0.461663
1.09417
0.690714
-0.0197477
0.922373
0.100761
0.872032
0.228249
-0.097097
0.759815
0.231849
0.149623
-0.0155649
-1.41199
-0.377045
0.93134
0.593962
-0.512724
0.667459
0.488447
2.4372
0.541517
0.477162
0.926836
0.843953
1.32538
1.02007
-0.697175
0.873929
0.0302787
2.07605
0.484653
0.0131477
-0.0110806
1.33831
1.14628
1.21377
-0.149039
0.0169375
0.270769
-1.32205
0.579977
0.385186
1.36424
0.565365
-0.348367
2.10211
2.60229
1.72331
1.4564
0.217865
0.0325014
0.363228
0.730874
0.836905
-0.0432157
-0.0325807
0.410952
-0.63495
-0.299424
1.08006
-0.156863
-1.47144
1.10414
0.0233349
-0.0585436
0.955256
-1.27109
0.93543
0.735682
1.15821
-0.0419563
0.708207
1.34627
-0.33606
0.725662
-1.17711
-0.29903
-0.834278
-1.55714
-2.14767
-0.228526
-1.39682
1.10049
-0.0918079
-1.07718
0.432363
3.0102
-1.34617
0.312098
-1.54132
1.22125
-0.737039
1.04347
-0.53146
-0.29224
2.11812
-0.547023
1.24322
-0.218663
-0.521947
1.7911
0.965284
1.13722
-0.348976
0.369903
-0.612284
0.663257
-2.19525
-0.46723
-1.4336
1.09421
2.42138
-0.291424
1.32618
-0.80308
-1.16967
-2.45023
-0.18812
1.42743
1.46951
2.81865
-0.875611
-0.474048
3.39331
0.167327
0.332305
0.111021
-1.39011
-2.56034
-1.27471
0.651312
-0.569059
-0.742276
0.198848
0.227961
-1.6512
0.457887
-1.45678
-2.09061
-1.74963
0.301144
0.176697
0.632189
1.16224
-0.0691482
-1.87525
-1.14662
-0.633747
-1.23614
-1.70099
1.07925
0.571345
0.701647
0.618233
1.13251
1.09127
0.630468
0.0150462
-2.37941
-0.651811
-0.130155
-0.804169
0.0864891
-2.22759
-0.65329
-1.49221
-2.00654
-1.33355
-0.319513
-1.25807
0.201514
1.36032
-0.400733
0.43635
1.31623
1.11783
0.291407
0.607308
-0.248609
-0.843485
-0.340844
1.41781
-0.00610189
0.802077
0.191628
0.288659
0.774425
-0.162967
1.1994
0.859223
0.0484268
-1.60299
-1.7444
-1.38208
0.781687
1.27758
0.729555
0.797556
1.20824
1.50232
0.659557
-1.597
-0.2751
1.63529
0.945944
0.603189
-0.724493
-1.41306
-0.972183
0.568628
0.225886
-0.842092
-1.32233
-0.588235
-1.67122
0.2308
-0.778708
0.40984
-0.0339895
-1.63589
-1.05955
0.0815179
1.90296
-1.03364
1.12398
1.39001
1.93739
1.801
-0.159983
-1.57462
0.262903
0.108729
-0.56067
-0.725476
-0.656138
1.92276
0.692791
-1.30763
-0.854105
0.675425
-0.822762
-1.15994
1.77032
-0.996624
-0.238857
0.254283
-1.137
1.14142
0.388155
2.14911
-0.885045
0.397557
1.7053
-0.58343
0.337434
-0.991467
-0.235579
0.328947
-0.426656
-1.62287
-0.517512
0.256687
-0.923673
-0.339835
-0.786674
0.231075
-0.0714997
-1.48293
-1.29287
-0.0500999
-0.55324
0.0431645
0.905708
-0.652136
-0.627209
-0.0816558
-1.53594
0.253679
-1.87337
-0.614055
0.984692
0.783418
-1.31647
-2.44918
-1.67286
-1.10867
1.36972
-1.06348
-0.263869
-1.35891
0.691778
2.0585
1.25469
0.749058
-0.595338
-0.683353
-2.06865
0.79994
1.63218
1.87992
1.13566
-1.16174
0.0729442
1.70866
-2.70018
-1.74115
-0.659594
-1.83171
-1.11289
0.112167
0.746232
-1.07256
-0.61096
0.452199
-1.27037
2.39413
2.36654
3.00905
1.47487
0.81565
0.801453
1.0626
0.556544
1.12519
-0.0925729
0.565442
0.282969
-0.154943
1.88553
0.440627
1.64827
0.197956
0.976592
0.627677
-0.89437
0.549814
0.934491
-1.35154
-1.26291
-0.598915
-0.487523
-1.16559
-1.14126
-0.650337
-0.570425
1.23357
0.321797
0.930019
-0.143363
0.180531
-1.32829
-1.0536
-0.982741
0.98502
-0.812685
-0.5097
-0.362902
0.421086
-0.711243
0.293536
0.543856
0.330736
-0.306573
0.332574
1.06383
-1.0248
-0.481927
2.53359
0.0267214
0.234541
0.32898
0.196453
0.259545
-0.963035
-0.742922
2.008
0.648928
0.094359
0.388467
0.338798
-0.177862
0.192222
0.728433
1.12097
0.817476
0.164855
0.567323
-0.63096
0.945259
0.391552
-0.242843
0.770026
-0.298493
0.219561
0.327116
-0.771419
0.287532
1.15763
1.82695
0.214587
-1.25009
0.277056
1.16733
1.60561
-0.233131
0.171543
1.47426
-0.950627
-0.237742
0.346003
0.204995
-0.237267
0.693093
-1.0165
0.799911
0.200745
-0.836535
0.29605
-0.820668
0.172905
-0.103365
-0.631912
2.13137
-0.780869
0.070762
1.43351
0.664829
-0.0184529
1.50258
0.962133
0.63706
-0.402109
-0.186554
-0.408932
-0.0880413
2.00712
1.14247
2.35552
0.856735
0.715113
0.540133
0.405209
0.865113
-0.501101
-1.0223
-0.558987
-0.320418
1.31665
0.526728
0.616428
0.52465
-0.689182
1.51888
0.161532
1.84875
1.13199
-0.954541
0.46631
0.581143
-1.00702
-1.96017
0.854667
0.525874
0.633424
-0.469101
-0.9365
0.804213
-0.199104
-0.256186
-0.114432
0.147853
-0.0716776
0.170948
0.755354
-0.173101
1.18596
1.49502
1.53863
0.274729
0.64775
0.837905
-0.648446
0.144575
0.803206
1.21642
-0.0761072
0.577891
0.603789
1.0473
-0.20641
1.91717
0.0310301
-0.941868
-1.84467
-0.0944441
-0.283742
-0.72446
0.564574
0.644784
1.33079
-1.604
-0.557316
0.902901
0.461781
0.777707
0.214897
0.392581
-0.435984
-0.25758
1.45566
-0.152738
-0.997448
0.596676
0.171017
0.784329
-0.223287
-0.328016
-0.223135
0.809034
-0.85779
-0.574823
-2.30956
-1.53124
-1.30805
0.0385101
1.07217
-0.824973
-1.731
0.0834613
-0.703493
-1.07967
-0.265706
-0.192785
0.228773
0.421114
-0.884282
-0.524271
-1.2879
0.123336
0.627022
0.23914
-1.12707
-0.810404
-0.116816
-0.826553
-0.550936
-1.42458
-0.519119
-1.75998
1.11732
-0.290647
0.528121
0.175957
-0.0855259
-0.367854
-1.21735
-1.39729
-0.643691
-1.81674
-1.13704
-0.995109
-0.255116
-1.10227
-0.785991
-2.58998
-0.411495
-0.738252
-0.930946
-0.0523024
0.412727
-0.125777
0.0861527
-1.27916
-0.653102
0.751325
-0.319218
-0.00884686
0.505015
-0.00738234
1.04747
0.507749
1.4151
0.86234
1.25345
-0.274939
0.358948
0.222067
1.57694
0.651979
-0.00933326
-0.401079
0.785926
0.995557
2.13616
0.313027
-1.30653
-0.452676
-1.78336
-0.259713
0.360228
0.330073
-0.605627
-0.398336
-1.11524
0.190165
-0.992261
-1.36737
-0.957472
0.416202
-0.319893
0.614916
1.106
-0.130555
0.740855
0.580909
0.654487
-0.7708
-0.357437
0.269388
-0.284424
-2.56556
0.19004
1.28075
0.113183
0.475052
1.4971
-0.498713
-0.233795
1.20153
0.188895
-0.0458872
-1.2727
1.01885
0.481032
1.31997
2.19502
-1.09197
-0.839763
1.10396
0.0450297
0.47173
0.416738
-1.74637
-0.472091
-0.885146
0.574152
-1.15951
-0.143341
-0.762079
-0.180571
0.650891
2.41112
0.534649
0.918939
-0.919806
-1.00463
1.61607
2.11984
0.295167
0.258512
-0.366056
1.45215
0.59004
1.26763
-0.578993
0.71305
-1.43262
0.28409
-0.461319
0.0966861
-0.246115
-1.07197
-0.318769
