-0.509723
1.53602
-0.0702261
-1.59208
0.220497
0.00422172
-0.700156
0.702553
0.886928
0.580806
0.199566
-1.02689
-0.193354
-1.08407
-0.784432
0.415672
1.01096
2.16569
0.88156
2.29095
1.01614
1.37308
0.208056
-1.08428
3.41114
-0.859163
-0.714503
0.432561
-1.91823
-1.5454
-1.24944
-0.947348
-0.923392
-1.50798
-1.43147
0.232137
1.83524
0.0616626
2.24968
2.22154
1.43656
1.60369
1.70573
0.714559
1.19603
1.26517
1.39547
0.173011
1.07109
0.931192
0.849098
0.95425
0.240278
0.291199
0.00754099
-0.085056
0.279704
-1.8509
1.07518
2.40996
0.573294
-0.542151
-1.46944
1.39757
2.48022
1.23068
-1.00801
-0.389288
0.071909
-1.4299
-0.478089
-0.908844
-0.730061
-1.92615
0.0889558
0.726693
0.0901174
0.130991
-0.894985
0.738364
-0.627057
0.053274
-0.421841
0.765017
-1.20518
-0.24248
-0.774344
0.768638
0.573338
0.0537062
1.41251
3.09241
1.86907
2.18596
-0.254113
0.472311
-0.884374
-0.456128
1.75972
0.558584
-0.174681
0.293047
0.998206
-0.137708
0.933089
0.992506
0.696026
1.44076
0.679719
2.43898
0.284386
0.564663
1.0403
1.28375
0.825155
-0.48816
0.928038
1.6864
-0.280959
1.98141
-0.200537
0.886216
0.700641
0.182667
-1.99996
0.171487
0.455687
1.12722
0.0262957
-0.28488
2.55315
3.4169
-0.446053
1.23644
0.717214
2.14473
0.135279
1.79869
-0.474668
-0.190449
1.28541
0.163796
0.752574
-1.0031
-0.879505
1.10837
1.30114
1.18376
-0.204093
-0.843791
-1.75464
0.732833
-2.51675
0.563804
-0.867026
1.72204
2.99
-0.116686
2.08724
-0.574666
-0.842875
-1.65795
0.237265
1.89793
1.83152
3.32278
1.25521
0.16096
1.97821
-0.384553
0.630214
1.44207
0.499088
-1.14764
0.202801
1.55427
0.521282
2.19935
0.834875
0.00896922
-0.804158
1.71391
-0.343883
-1.17499
-0.605556
0.400697
0.677091
0.232738
0.348554
-0.828567
-3.23357
-1.92449
-0.0952616
-0.765271
-0.573264
0.748295
0.405647
1.29998
0.333252
1.59941
1.28011
1.1952
1.71763
-1.44194
-1.14028
-2.55823
-0.666914
-1.28412
-1.37706
-1.58595
-1.17607
-2.4887
-2.25865
-0.738318
-1.82831
0.608234
2.18937
0.316816
1.69324
1.81606
1.73556
0.301681
0.471568
-0.514089
-0.062876
0.266887
1.27336
-0.356311
0.266496
0.734142
0.318792
0.618784
-0.330103
1.02118
0.729649
-0.747996
-1.46191
-2.60267
-0.728532
1.50561
1.42236
-0.467999
-1.65898
2.42798
1.5668
1.37342
-3.14091
-1.5076
-0.201725
-1.86137
-1.30404
-1.41763
-2.99213
-3.53797
-1.02912
0.072563
-0.531357
-1.61259
-2.68833
-2.87917
-1.9337
-1.28371
0.985643
0.0958983
-1.61116
-1.65285
-2.04902
1.1914
0.528485
0.54844
2.86867
2.39747
2.21271
0.172338
-2.45869
-0.494637
-1.10984
-1.70456
-0.220022
0.0396935
1.22671
0.945412
0.814801
-0.966955
0.577516
0.584177
1.00469
0.913085
0.386054
1.04596
0.217734
0.0591754
1.46022
1.39284
2.3214
-1.17233
0.24905
2.04842
-0.147081
1.46051
0.242845
0.956792
1.79392
0.683132
-1.59214
0.481043
1.19681
-0.540865
-0.845418
-0.822934
1.066
1.36425
-0.93758
0.609947
1.4425
0.256824
-0.0963919
1.15861
-1.39866
-0.0226151
1.25307
-0.479197
0.162564
-2.14578
-1.1745
1.17934
0.551465
-1.02857
-3.03061
-2.9639
-2.27258
1.02439
-0.967527
-1.07181
-0.170044
2.0015
2.39601
1.1681
2.4126
-0.313703
-1.38902
-1.97813
1.14107
1.57657
2.88404
1.9565
1.25255
0.293916
0.692878
-1.23355
-1.58274
0.740036
-0.334846
-0.312199
1.26633
1.52
-0.52197
1.44066
0.824509
-2.00148
0.956798
1.77119
2.36592
1.23919
0.253151
0.618231
0.945746
0.900398
1.09912
0.0193027
0.0633604
-0.78091
0.417669
2.25988
0.79688
1.74848
-0.0537124
0.587591
0.540024
0.674999
-0.285742
-0.417059
-0.994318
0.0883278
0.454687
-0.215161
0.483982
-1.03842
-0.731539
0.161903
1.46458
-0.124259
1.07505
0.156816
-0.505161
-2.075
-0.419707
-1.63917
2.01592
-0.32625
-0.402594
-0.230504
0.537611
0.143594
0.642897
1.00622
1.33913
0.632448
0.944437
2.23533
1.03254
0.200176
2.11849
0.823918
0.808553
0.0632059
0.262364
0.776483
-0.679778
-0.563775
1.57475
0.303665
0.433268
0.485283
0.486973
-0.504705
-0.321859
1.03503
2.40168
0.781899
0.122245
-0.0675991
0.637242
-0.326178
0.230151
-0.291943
0.810773
-0.101936
-0.657879
0.299045
-1.01986
-0.319286
0.592184
2.83722
1.11156
-0.243605
1.04999
2.37157
1.831
0.410941
0.804461
0.887432
0.275885
0.59734
0.720293
-0.191869
-0.707695
0.904807
-1.30681
1.32125
0.527139
-0.437425
0.136092
-1.51607
-0.159933
-0.436281
0.21949
2.45684
-0.24035
1.40833
2.23531
0.871911
0.42092
1.60593
0.257076
1.80699
-0.207466
0.962655
0.10307
0.16398
1.18929
0.698512
1.2428
0.479252
0.073734
1.04055
0.417883
1.73866
-0.433924
0.0923083
-0.123941
-0.581858
1.25129
-0.41333
1.14705
0.56359
-0.555941
1.07138
0.59647
0.546783
0.973171
-0.217803
-0.149327
-0.64726
-0.819164
-0.138977
1.18919
0.239023
-0.22262
-1.05352
0.524289
1.38451
0.439575
0.638756
0.57097
0.150537
0.356185
0.185707
1.5845
0.257179
0.236697
0.12342
0.933372
-0.615888
0.494096
0.863441
0.388005
0.326306
1.15823
1.00352
0.758823
0.209762
0.527429
1.79203
0.227383
1.25976
-0.528058
-1.41679
-0.927968
0.79278
-0.199116
-0.492135
1.16942
1.75324
1.75493
-0.73107
0.0854909
1.14609
0.225497
1.14812
-0.674004
0.682553
-0.854757
-0.638466
0.779703
0.243489
-0.205714
0.215295
0.74812
1.16866
0.0333742
-0.816043
0.228005
1.89858
-1.51816
-1.31958
-1.70455
-0.638425
-0.491535
0.748611
0.569232
-0.932325
-1.11125
0.234375
-1.19019
-0.88843
-0.297055
-0.262534
0.477065
0.451638
0.0336126
-0.0416868
-0.750443
0.0847472
0.16342
0.730917
-0.522299
-0.638033
0.468878
-1.57905
-1.1476
-1.35935
-0.157913
-0.622565
1.33216
-0.698671
0.556743
1.58393
0.700012
-0.282119
-1.18602
-0.071019
-0.295458
-0.941287
-0.392154
0.486879
-0.424354
-1.15151
-0.663252
-3.01378
0.141885
-0.638381
0.0123835
0.943435
0.636633
0.506676
0.708009
-0.562772
-0.121542
1.12295
1.30156
-0.746771
1.41823
0.0525309
1.14025
1.19258
0.817067
0.817366
1.43603
-0.403644
0.958274
0.173266
0.445436
0.815552
-0.092556
0.0801433
1.0753
1.56154
1.78445
0.0967424
0.45284
-0.101962
-1.68955
0.942459
0.793979
1.51647
-0.559361
0.122245
-0.760713
0.798724
-1.05198
-0.440232
-0.0225462
1.22749
0.0144772
1.38238
0.315269
0.525507
1.31459
1.2261
1.47002
-0.733972
0.53777
0.00298179
-0.319701
-2.76713
0.281595
0.74884
1.27149
1.3169
0.154503
-0.446398
0.588435
1.48333
0.449737
-0.121556
-0.801056
0.702713
0.812676
2.71893
2.55744
0.41255
-0.437605
1.15955
0.844819
1.48639
0.726133
-0.627542
-0.455696
-1.03584
0.408988
-0.795136
-1.68058
-0.351029
-0.584717
0.621456
1.88207
0.828677
0.751775
-0.569162
-1.1096
1.48934
1.5145
0.738278
1.46232
0.277321
2.40096
0.457989
2.18723
0.448486
-0.800761
-1.47376
-0.875085
-0.0586726
1.40135
-0.374193
-0.168011
-0.209852
