-0.0181842
-1.32359
-0.661357
-0.488702
-1.13681
-0.797754
-0.511156
1.16552
0.541505
1.52502
1.29923
1.23499
1.72959
0.667749
0.171572
-0.930693
-0.893729
-2.33868
-0.408154
-0.905103
-2.50406
-2.93438
-2.48989
0.0783988
0.366255
3.91933
-0.27214
-0.669919
-0.433591
-0.852541
0.495895
0.888614
-1.14212
0.484337
0.104816
0.82102
0.0436858
1.17657
0.43216
-0.120381
0.658974
0.203639
0.624499
1.04198
1.15597
-1.44056
-0.0764985
0.968421
1.14001
-0.30564
1.46865
1.57394
0.618845
0.465776
1.77333
1.73757
0.712271
0.193807
1.01353
0.122634
0.730964
-0.256071
0.603918
-0.207392
-0.548219
0.414519
1.54999
0.558449
1.1731
2.40225
0.695579
-0.568397
2.21499
2.93495
0.903469
0.556225
-0.423202
1.30563
1.82145
1.96032
1.17899
1.19724
0.127288
-0.832578
0.0973793
1.65519
0.595877
-0.469849
0.943385
-0.0548396
-1.75261
-1.60393
-0.962097
-1.79177
0.403504
2.17273
2.68921
2.00074
0.485831
0.963453
1.28811
0.49117
0.747093
0.963382
0.642646
1.10118
-0.0228473
0.943334
2.05868
-2.27379
2.67821
0.977233
1.04231
1.84186
0.602727
0.824113
1.86371
-1.69178
-0.877335
-1.95465
1.20231
-1.65211
0.0349889
0.43096
0.644222
-0.195415
-1.78113
0.313245
1.42068
-2.21764
-2.47647
-1.67301
-1.80113
-1.8813
-2.48264
-1.17611
-1.09829
-2.09191
-0.201434
-1.87103
-0.675074
-0.193504
-1.28533
1.13793
0.656164
0.584834
0.709922
1.69398
0.669055
-0.534796
-0.439914
-0.41246
0.839689
-0.391811
-0.0306555
-2.25975
-1.08584
-0.0836673
-2.19799
1.45916
-1.30098
-0.115675
-1.19136
-0.580287
-1.38098
-2.03819
-0.0724538
1.13113
0.403755
0.313002
-0.139101
-1.8953
0.0205813
-0.262454
0.391687
-1.20761
-1.2057
-1.91889
1.05423
0.642484
-0.0832476
0.327464
-1.1422
-1.10619
-0.615761
0.0401895
-0.494005
1.91605
0.957434
2.93373
1.72537
1.06014
1.25431
-0.774445
0.219573
0.74046
-0.678169
-2.43886
0.765548
-1.50691
-2.692
-2.57917
-0.876994
0.965063
0.380701
3.0181
-0.292504
-1.05824
-0.750223
-0.909069
-0.26432
1.13924
-0.399509
0.538709
-0.032998
0.995792
0.326434
0.867283
0.991137
-0.328629
-0.622387
1.83525
1.49165
1.06689
-0.0719451
0.505062
1.00925
1.14098
1.1305
0.236383
2.03019
2.05781
1.55567
0.9269
1.79476
1.51989
1.01427
1.44422
1.78297
0.582618
0.455951
0.544794
1.54872
0.316063
-0.791755
-0.426537
2.33225
1.37901
0.924584
3.49501
1.74601
-0.961898
2.76924
2.90127
0.54249
-2.05815
-0.338881
1.37726
3.11347
1.49109
2.99214
1.14505
0.714027
0.897426
0.803248
2.6069
2.72799
0.280697
-0.296241
-0.522054
-2.28783
-1.51564
-0.337481
-0.396278
1.66053
2.40401
3.17784
1.48815
1.00331
2.2486
1.12771
0.913929
-0.768179
1.96263
1.0357
1.02401
-1.65083
1.76443
0.858182
-0.787134
1.08855
1.48773
0.690977
0.637699
1.04766
1.7931
2.25682
-1.65498
-2.88442
-2.00022
0.626855
-2.74657
-1.51917
-0.139996
0.249678
-1.22819
-1.33495
0.367594
1.13544
-1.53647
-1.80499
-1.42864
-1.62031
-1.77613
-2.64825
-1.37857
-1.04636
-0.222519
0.162971
-0.649304
-0.136311
-0.264995
-0.0507486
1.39326
0.649436
0.289656
1.3306
1.39799
0.270988
0.683229
0.288885
-0.472369
1.90064
-0.000249591
-0.803446
-1.18332
-1.17606
-0.821708
-0.262185
0.377867
-1.53386
-0.237045
-1.29708
-1.42866
-1.27148
-0.408208
-0.420374
2.51821
0.785868
-1.20943
1.11683
-2.27509
-0.619824
0.0887452
-0.0553186
-0.568747
-1.62329
-1.26913
-0.207212
1.10744
-1.88899
-1.15171
-0.907876
-0.506482
-0.570453
1.3834
-0.64701
0.339492
1.48666
1.04595
0.549045
-0.148815
-1.27379
-0.459828
-0.754765
-2.22382
-0.915069
1.01729
-1.28916
-0.122699
0.481326
-0.288153
1.08766
-1.35526
-0.428174
0.0219175
0.0717326
-0.9806
-0.466501
-1.06203
-0.63133
2.75722
0.0968958
0.758337
-1.31357
0.483521
-0.584976
1.23248
0.1622
-0.665635
0.283901
1.37769
1.56855
-1.50116
-0.632517
0.64677
2.30972
1.73727
2.66689
0.663429
0.918268
1.49598
0.752736
0.999638
1.24285
0.801963
1.58692
1.28712
0.788691
0.997887
2.97835
0.332986
2.2522
-0.142181
0.236129
0.0335333
0.628703
-0.859105
1.11376
2.04164
-1.33017
0.422456
-0.523821
1.61663
-0.314798
-0.409858
0.87934
-0.484023
-0.131955
1.45275
1.30922
1.70853
-0.202231
0.0483195
-0.776935
-0.00913476
-0.0513737
-0.499231
0.00217794
-0.000790369
1.53049
3.47012
0.804097
-0.701467
-0.0779221
0.154903
-0.0386162
-1.40866
0.442621
0.106717
0.122518
0.365515
-0.324954
0.504651
0.165223
-0.794865
0.422924
-0.0884818
0.771962
-1.38339
-0.938766
-0.447039
-0.564015
1.75612
1.87396
1.1062
1.22624
0.557057
1.21824
1.32374
-0.503715
0.243768
0.361428
0.18749
0.430142
1.89649
0.521054
1.16567
1.83659
1.08443
0.866075
-0.678729
-1.00074
0.710799
-0.0127584
-1.48331
-0.769001
-0.504666
-0.991791
0.818386
0.168311
0.214503
-0.205933
0.4747
0.839695
0.49016
1.42588
1.32402
2.68793
3.01734
0.765558
2.41382
2.45449
1.02282
1.4257
1.70851
-0.270782
1.52513
0.409284
0.150042
-0.692783
-0.140908
1.13584
0.749001
-0.296907
0.0400134
0.93134
-1.19397
-0.244673
-1.24704
-0.183918
-0.584259
-0.30966
-1.07752
-1.55221
0.546549
0.179044
-2.33911
-0.917566
0.896712
1.71194
1.05937
2.31014
-0.797785
-0.120276
2.13047
2.53081
-1.0098
0.0637278
-1.52191
-0.627689
-0.192402
-0.504214
0.236721
-0.19737
-1.06214
1.26225
-0.335655
-0.73292
1.22789
0.249731
1.39235
0.012766
0.355818
-0.671523
0.0789829
1.81124
1.40238
0.152406
-1.74369
-0.00827733
0.252319
-0.261203
-0.56801
0.176584
0.614844
-0.90919
0.353007
-0.103576
0.894256
-0.206282
0.17646
-0.749833
-2.15812
-0.118801
-0.966567
0.212132
1.29983
0.343551
1.54834
-0.595079
-0.872576
-0.708308
0.134967
-0.0176835
0.755411
1.35189
-2.37033
1.01055
1.09245
2.28454
1.14089
1.96984
0.416569
1.26955
1.30167
1.79719
2.36435
-0.153614
0.539712
0.782109
0.565267
0.290775
1.30348
0.137003
-0.769484
0.757416
0.588984
-0.784383
-0.0129004
-1.56739
0.43737
-0.160833
-0.608504
2.03184
1.28887
2.11538
1.79023
1.4243
1.69103
1.07781
1.13142
2.18375
1.50757
1.996
0.649437
1.54577
0.410392
-0.102391
0.465793
0.556463
1.57402
0.984657
-0.434137
-1.1494
0.0244489
-1.14766
1.32909
0.30665
-0.0393335
-2.43829
-0.564827
0.208351
0.798878
-0.0490535
0.929052
1.26851
0.621918
-1.96286
-0.108902
-2.17513
0.612964
1.44748
0.658603
0.0275443
0.808751
0.285679
-0.266697
-0.852779
-0.443596
0.100467
0.153163
0.388295
-0.484071
0.191744
0.338439
1.23985
-0.437012
-1.61904
-0.42456
-0.345494
-0.603437
-0.533743
0.73743
-0.79443
-0.876718
0.329189
-0.775503
-0.0400102
0.115159
0.256038
0.746003
2.13969
1.06745
1.96622
1.6518
1.55395
-0.623293
-0.189332
-1.22507
0.638852
-0.107602
0.411788
3.12386
1.26036
0.490763
0.512393
1.7713
1.40447
1.21578
3.43762
0.970262
3.84002
1.37182
1.28615
2.27924
2.16565
2.07185
