-2.48778
0.0115451
-1.24707
-2.64144
-1.6152
-1.77879
-0.839172
-0.160687
2.2845
1.19145
2.63374
0.941199
-0.656445
1.54206
0.795351
-1.35758
1.256
-0.809222
-0.937772
-1.74953
-1.96202
-2.03162
-2.7344
1.12191
2.59183
-0.0343621
0.147722
2.44723
0.268324
-0.916371
-0.574525
1.37729
-1.23617
-0.220781
-1.3433
0.135454
1.80205
2.11456
0.114264
1.98019
1.34417
0.949625
1.94684
2.2719
1.15437
0.882137
1.29728
-0.429659
0.269805
2.00752
1.10078
0.74744
1.52075
1.29844
1.60298
2.12257
0.940575
0.431305
1.24609
2.75068
1.21244
1.09723
1.39156
2.70472
3.42383
-0.274477
1.13475
0.210413
0.00690961
-2.27033
-0.0601184
0.938012
1.44512
-0.679348
0.129083
-1.05453
-0.448521
2.47195
-0.317022
2.14443
0.445305
1.44885
1.68059
1.69321
-0.788369
0.460581
-0.956038
0.522733
0.767359
0.30999
0.478188
0.311399
0.380846
0.226736
1.67909
2.34881
0.555557
0.639854
1.97541
2.36553
1.45621
1.67179
2.86302
2.20417
2.21622
2.86901
2.17923
2.61781
2.31425
1.75861
1.41232
1.09317
1.6302
2.43671
2.12523
1.36275
1.9153
0.781518
1.18906
1.29438
0.127956
-0.287029
0.767848
2.31213
1.59695
0.333778
-1.0712
1.71208
0.726292
-2.13141
1.08492
-0.398037
-2.25054
-1.90996
-0.779343
0.710864
-1.18606
-1.13815
1.19975
-0.783045
-1.56368
0.0140595
-1.80251
2.37488
1.14619
-0.216556
2.90014
2.42754
1.95562
-1.12745
-1.1584
-0.756902
-0.570232
0.808011
0.215045
-1.24719
-0.763247
-1.3539
-0.870982
0.507929
-1.00676
0.892629
-0.314789
1.14428
1.32926
0.52344
2.75597
2.34341
0.621914
0.628021
-0.0165641
-0.139089
2.65639
1.99442
2.1544
-0.41822
-1.77164
2.51658
2.23016
-0.161677
-2.25353
2.40447
-0.160152
-2.33315
-0.802432
-0.985381
0.208306
-0.0862351
2.53024
0.87172
0.238364
0.602036
-0.672009
0.153443
0.677434
0.177072
1.40282
-0.106748
-0.38222
-1.30986
-1.55764
-1.10941
0.998576
1.50696
0.408904
-1.26973
0.1941
-0.0577831
2.26039
-0.953321
-0.655173
1.15654
-1.42098
-0.487391
-0.941699
0.213392
1.70964
2.22611
0.517321
2.27345
1.86596
0.975691
0.193486
1.02661
2.09863
2.258
1.99182
0.566114
1.07838
1.45891
0.107893
0.61673
1.34869
1.60827
2.01386
1.10915
1.43568
-0.13407
1.30115
1.69775
1.96334
-0.506717
-1.11335
1.9387
0.68653
-1.42503
-1.36525
0.522554
-1.96522
-1.93997
-1.55489
0.289866
-1.14609
-1.08312
-2.25776
-1.64705
-1.68926
1.45248
-0.970379
1.27318
-0.802489
0.917786
0.848955
1.21788
-1.18663
0.683979
-1.89839
0.875007
0.767662
1.19836
0.871187
0.476386
1.21417
0.518903
1.1397
1.90866
-0.368887
-0.661314
1.66742
2.17868
1.57482
1.73834
2.9005
2.33635
3.04171
2.48217
2.16204
1.10853
2.59292
1.36794
1.31613
0.908414
0.925878
2.56527
2.67374
0.817303
1.63294
0.888837
0.432673
1.39377
0.605782
-0.702561
1.09505
2.22092
0.812721
0.559968
-0.935102
1.10549
-0.23054
-2.04843
0.616113
0.514044
-1.71821
-1.39564
-0.365151
-0.500248
-1.44658
0.556301
0.58643
0.3268
-0.621289
-0.0564636
-0.476188
1.09584
1.06737
0.778077
1.9043
2.23366
-0.0882714
-0.59671
-0.753021
0.469924
0.407525
0.55027
0.098931
-0.026503
0.919992
-0.124726
-1.16562
1.02374
-1.5844
-0.223469
0.483881
1.35421
2.70001
2.31486
2.19171
2.83142
-0.836732
0.285005
-1.5275
-0.380015
2.58972
1.87319
1.21825
0.979729
-1.57642
1.33823
-0.230053
0.721582
0.721355
2.30923
0.704196
0.607794
1.95295
2.45179
1.26115
1.46713
3.26988
2.19758
1.52124
-0.0481579
-0.401998
1.23241
0.944191
0.266923
-0.224141
0.973539
-1.58443
-0.619266
1.60431
0.529693
1.39437
0.802585
0.968167
0.712958
0.631117
-0.146397
-0.112341
0.0690138
1.62231
2.11512
0.0415879
1.63007
0.119102
0.514586
-0.699319
0.650229
0.386413
-0.715483
0.111491
1.43049
1.43032
0.1783
0.88337
1.2467
1.30694
1.50718
2.47335
1.36895
1.73042
2.33814
3.27867
2.42802
1.34639
0.973278
1.22734
1.53937
1.54224
0.147743
-0.556936
-0.0292772
2.59274
-0.0904692
0.17071
2.02402
1.33388
0.995441
1.45547
1.70181
1.68837
1.42573
1.39255
-0.0753991
1.90908
0.715423
3.04585
0.951927
0.176877
0.263121
0.764258
-0.116226
-0.735247
1.85086
2.38709
0.624599
1.88817
-0.423803
1.85383
1.34684
1.43084
0.574045
2.05184
1.39701
1.2006
1.35618
1.29215
1.50776
0.844859
2.34766
-0.370691
0.279752
1.00628
1.29282
0.669247
-0.334048
2.0531
1.66642
2.17223
0.468476
1.78612
1.35502
1.80375
2.05256
0.977341
3.11792
1.83369
2.326
2.32957
2.40354
1.16882
1.2818
1.13603
1.78719
0.0966062
1.15373
1.08731
1.18722
2.39183
2.64438
2.02734
0.51712
0.344244
-1.23873
1.33508
0.715843
-0.780291
0.443639
-0.345696
0.0817116
1.54711
1.73761
-0.535306
1.24817
2.33751
2.00309
2.4769
1.7811
1.54523
1.33468
2.20295
2.40744
2.67286
2.23269
2.57496
1.81854
1.53044
1.73533
-0.850769
2.11237
1.81608
2.06469
1.39192
-0.441286
0.793636
2.09315
2.19946
0.652173
1.32338
0.65867
1.96382
1.46188
-0.204043
2.21215
0.642754
2.58028
-0.0343394
-0.404339
0.575839
1.90694
1.65083
1.3761
2.52159
1.35818
1.65302
1.27342
2.50197
0.662364
1.69885
1.14137
0.605191
1.78897
-1.82796
-1.08685
0.289265
0.584143
2.13325
1.81092
-0.346042
1.07576
1.27463
2.56751
2.27708
-0.675581
0.0612912
0.256123
0.58478
1.55443
1.43492
0.404622
1.27491
0.0430709
1.62227
-1.55428
0.499173
-0.779549
0.845536
1.38653
0.984825
1.59863
1.66101
0.921615
0.209454
-0.639751
0.20734
-1.02783
1.7175
1.17459
-0.579162
1.12858
0.888465
-0.235872
-0.0175198
0.2051
1.64177
1.70225
2.29964
0.944258
2.40334
1.07844
1.42876
2.61477
1.87016
0.923777
1.76201
1.21341
3.07986
1.79147
1.54186
0.839194
1.32205
-0.360671
1.78498
1.28524
1.83233
0.940638
2.01486
0.561785
0.711623
0.803777
1.25754
-0.689876
1.28745
1.12837
1.75697
0.776127
2.03545
2.31516
0.789027
-0.293638
0.937187
1.64327
0.894804
2.09506
-0.505343
1.05508
1.56234
1.51831
3.64396
1.08563
0.864143
2.0091
0.103393
1.98227
0.390811
3.28267
-0.0543874
0.103783
0.86854
2.3576
-1.56842
-0.520158
0.528284
2.83679
0.468111
2.07872
0.763853
0.304855
1.86989
2.9273
1.16928
1.33566
0.48507
-0.16614
-2.03484
0.456373
-1.52303
1.0538
2.39984
2.05718
1.35841
1.23612
1.18898
1.07071
1.62676
1.83065
1.44359
1.32221
0.332015
1.49345
1.56146
1.51225
1.9796
1.28621
0.839513
0.996838
1.21035
-0.222456
1.23742
1.33923
0.422099
1.49796
0.154531
1.60911
1.18455
0.391787
1.93275
-0.109442
0.741655
1.84303
1.09186
1.48729
1.16382
2.30261
1.63753
2.42555
1.47126
1.88631
1.13188
0.481308
-0.217299
1.98719
0.794115
1.99781
1.29453
0.654457
2.29662
1.19603
