-0.0325347
0.371648
-1.15088
-0.0893696
-0.51493
0.402236
0.404282
1.08526
1.5707
1.0225
0.529771
0.503938
-0.324457
-0.524252
-0.11236
0.526568
0.299766
1.04921
0.150973
-0.166503
-0.353254
0.0213055
0.67286
0.892071
0.3489
-0.894708
-0.237901
0.929324
-0.608702
-1.29816
0.00750011
-1.68795
-0.974855
-1.51556
-1.77852
2.49866
2.66013
1.21412
1.54518
2.42588
2.32199
1.48002
2.27769
1.26162
0.89942
1.35908
1.55298
0.70944
1.1618
1.97698
1.29621
1.33028
1.47981
1.94883
1.52473
0.87115
1.3659
1.03767
1.42467
1.11351
-0.684561
-1.15493
-0.807809
-0.355608
-1.47538
-0.573787
-2.14147
-0.855665
-0.481142
-0.956518
-0.441877
0.13193
-2.24223
-2.00271
-2.14133
-2.30285
-0.30281
-0.0972857
-3.26073
-1.04701
-1.35206
-0.472673
0.24917
1.00676
-0.47641
-0.392646
-0.942473
-0.986199
-0.759066
-0.345297
1.04345
-0.0918944
-0.68003
-0.316936
0.854128
1.12245
-1.135
-0.941489
1.55805
2.47951
1.91793
1.26044
0.548348
-0.16739
1.50581
1.66189
0.37204
1.25825
0.0675417
0.330568
-1.21346
-0.384883
1.70952
1.64378
1.81239
1.3997
0.529752
1.64959
0.0831721
0.272878
0.0259323
1.14455
-0.864264
0.517701
-0.34183
2.20507
0.261185
-0.321949
-2.11891
-2.15253
-0.880841
-0.926604
-0.613296
-0.0246523
0.884156
2.14462
0.7556
0.206997
-0.106877
-0.960426
-1.21192
-0.271027
-0.497044
0.00241326
-0.379615
1.12609
2.72853
2.35441
-0.511439
-2.90179
-2.34127
0.70862
1.31028
0.206683
1.12586
1.30063
0.807502
0.880503
0.247868
1.07491
-1.23643
-0.425612
1.36466
-0.0964942
0.0245261
-0.614465
0.825655
1.83828
0.219876
-1.39536
-2.12085
1.32835
0.400878
0.380848
2.2345
-2.06763
-0.881986
0.330638
-0.217757
-0.526655
-0.0165717
1.27553
-1.61376
-0.065005
0.287627
-0.0390062
0.221832
1.83454
1.6424
0.304043
0.868185
0.514293
0.505953
-0.274159
0.33775
0.751646
0.66794
0.198903
0.834407
0.0245273
0.628613
-0.644951
2.05021
1.04412
-0.956992
-0.733542
-0.143966
-0.15914
0.0333952
-1.01919
0.647115
-1.48061
-0.886665
-1.65977
-1.58776
2.30746
2.14467
1.50358
2.32959
1.54525
2.61665
2.60002
1.4686
1.0778
2.19195
2.04013
1.13349
0.639779
2.04159
1.36558
1.67906
1.80539
1.06565
1.77136
2.08024
2.19284
1.61283
0.374763
1.18671
0.829715
-0.762662
-0.226607
-1.54152
-1.69805
-1.18167
0.00111975
-1.4306
0.553183
-0.631748
-0.209381
-0.284363
0.652141
-1.9849
-0.197338
-0.175498
-0.509133
-1.09745
1.15007
-1.77986
-0.831953
-2.92085
-1.04188
-0.462251
0.701557
-1.04561
-0.734573
-1.05062
-0.647887
-0.764706
-1.06084
0.814889
-0.605308
0.256896
-0.614771
-1.13858
0.550979
-0.0892955
-0.352954
0.963501
1.91315
2.86121
2.56735
2.25821
1.46467
2.37166
1.55948
0.129552
0.687931
0.60018
1.33864
-1.81363
0.435256
1.69392
2.5544
2.42414
0.743938
0.519291
0.670545
0.662205
0.196558
0.477919
1.4736
0.118454
0.0991872
0.0335587
1.23558
0.296798
-0.170256
-0.8085
-1.43238
-0.583574
-0.758394
-1.19506
-1.93954
0.0251619
1.99365
-0.673647
1.34742
-0.750611
-1.29855
0.23948
0.53847
0.495404
-0.532852
-1.51974
0.290817
2.0533
1.89402
-2.07027
-2.13799
-1.08043
-0.532177
1.46272
0.259931
0.932142
0.456922
0.976377
1.61926
0.662387
0.562225
-1.62991
-0.230911
0.36663
0.886821
-0.256009
0.406818
1.93414
1.64496
0.886612
-0.103519
-1.64945
1.17421
0.649414
0.270004
0.500734
-1.40029
-1.20902
0.775968
0.0859456
0.940149
0.184601
0.356586
-0.414046
-0.786025
-0.141531
0.273479
-0.475583
1.52784
-0.0786496
1.10641
1.11421
-1.38431
-1.49013
-0.53559
1.0303
0.13084
-1.45586
1.70006
0.73217
-0.236019
0.726884
1.41876
1.04507
1.4631
0.899509
0.300364
0.134387
-1.07187
-1.28629
-1.16424
1.84483
-1.33104
-1.10964
0.297104
0.779571
1.25399
-0.427358
-0.209738
-0.488199
-0.993562
0.0407571
1.51739
1.42989
-0.305926
-0.107288
-1.59044
1.50541
-0.0226685
0.696495
-0.638195
0.364682
2.01292
-1.06482
0.62867
-0.552197
0.365138
0.648598
0.194356
2.01856
-0.474913
-0.830638
-0.074066
1.33463
0.451935
0.570103
0.383771
0.27783
1.03277
0.228027
0.166161
4.22116
2.055
1.78121
1.43325
4.02398
1.19057
3.72552
1.58133
0.747968
0.900087
0.709891
-0.204983
0.277062
1.6407
1.30955
-0.544099
0.635062
-0.0611973
1.24768
0.967571
0.195677
-0.88924
-0.865922
0.496966
0.393152
0.42394
0.947335
2.6176
1.41738
0.749592
-0.531757
-0.588637
2.55255
1.23654
0.59666
0.483503
0.835887
0.662258
0.12362
0.797388
0.47189
-0.899953
0.99687
0.530162
0.866784
0.542174
2.05311
0.820023
0.903674
0.575858
-0.0692977
-0.582868
0.117341
-0.692183
-0.700229
0.742377
1.64484
-1.65557
-1.89566
-1.91167
-1.98593
2.05677
3.36946
1.85358
1.2035
0.984388
2.66408
2.98628
1.87599
0.703554
1.42622
-0.0645925
0.295146
1.20367
0.525858
0.538403
1.28639
1.45012
0.401795
-0.649927
0.195317
0.278935
0.827989
0.124571
-0.326595
1.40176
1.65935
1.1189
1.90522
0.546695
-0.0781959
-0.420574
0.296193
0.460188
0.157497
0.732707
2.03631
2.85306
0.991767
2.463
2.6985
1.95395
1.31338
2.16475
3.5702
2.15445
2.38021
0.426651
0.423082
-0.287076
-0.717248
0.576701
0.748163
-0.49999
0.0337167
-1.6142
-1.80448
1.41563
3.98921
2.04721
0.590138
1.89517
0.166888
0.998881
0.987289
0.802713
-0.468501
-0.411795
0.0490929
0.597155
-0.294962
-0.905172
0.460884
0.157023
1.58375
0.299533
-2.41708
-2.5656
1.42851
2.73294
0.851359
0.600667
2.28097
-0.441734
0.24673
0.386843
-0.382494
0.661676
-0.581561
1.4075
-0.946436
-0.551389
0.230193
2.08028
1.10706
-0.26704
1.05783
-0.208766
-1.53904
0.604584
-0.712128
-0.127935
-1.73986
-0.358377
1.81379
1.47027
2.05431
-0.553711
-0.963339
-0.737263
1.1307
-0.0239475
-0.0107518
0.249965
-0.674047
-0.505098
0.135146
0.53013
0.417412
0.570751
-0.395769
-2.35847
1.34281
0.0294687
0.0266494
-0.071084
0.194841
-0.380348
-0.111411
-0.860613
0.100795
-0.145096
0.255526
0.758628
0.238892
1.191
-0.218497
0.386218
0.164481
0.452472
-1.09013
0.767847
-0.0757328
-0.128831
-0.529684
1.04953
-1.31757
-0.467772
0.000278377
0.68752
-1.51465
-1.17104
-1.94216
-1.30332
-0.563238
1.19409
1.33027
-1.51151
-0.768843
0.142636
1.48602
-2.2207
-0.369175
0.743528
0.787748
0.224096
0.203025
-0.931558
-0.0440009
1.04573
-0.647506
1.54438
-0.256408
-1.38619
-0.117383
-0.0357865
-1.80833
0.292179
1.33862
1.16038
-0.116707
1.14164
0.102061
0.200433
0.738777
0.615023
0.909518
3.71913
1.77712
1.27221
1.60662
-0.81047
0.45311
0.372618
1.08056
1.3671
-1.02737
0.0994749
-0.930181
-0.197356
-0.130094
0.484655
0.32599
0.398298
-1.20251
-0.0830326
-0.111852
2.25692
0.470148
-0.530323
0.675106
0.298137
-0.255454
-1.42967
-1.35664
0.31991
1.36668
2.15901
0.37483
0.150338
-0.675605
-0.656741
-1.04648
0.343316
-0.262405
0.517149
-0.32513
0.561562
