0.0161597
-1.02235
0.0214549
-0.633202
-0.86596
-0.74095
-0.378556
1.67363
0.840443
1.36814
0.707657
1.02106
2.09816
-0.0818219
0.522885
-0.740498
-0.38927
-2.07637
-0.370981
-1.36968
-2.23608
-2.70158
-2.06696
-0.306941
0.535431
3.82507
-0.322966
-1.04042
-0.287647
-1.08192
-0.21102
-0.0799513
-2.12423
0.0139533
-0.510292
1.25307
0.300642
1.22538
1.51191
0.344501
0.702027
1.08297
1.0143
1.43181
2.11875
-1.17549
0.638838
0.996195
1.60095
-0.35034
1.94715
2.29107
0.831423
1.36226
1.93559
1.46341
0.160472
-0.632505
0.190456
0.145237
0.780418
-0.628529
0.641606
-0.146737
-0.168961
-0.0627813
1.97174
0.64968
0.253154
2.44821
0.606028
-1.62646
1.64065
1.85487
0.847019
-0.435694
-1.12795
0.189749
1.48407
0.907504
0.114082
0.825213
0.0374578
-0.236669
-0.016004
1.82219
-0.368083
0.155339
0.98456
0.483178
-0.818544
-0.30986
0.00603125
-1.22727
0.435519
2.77708
2.75762
2.19957
0.38449
0.722661
1.0318
0.489707
0.2282
0.697252
0.655577
0.107981
-0.406904
0.691642
1.13491
-2.3829
2.39436
0.00203345
0.467695
1.70249
0.452594
0.741541
1.84838
-0.74143
-1.242
-1.86155
0.874673
-1.38432
-0.233967
-0.0170859
0.760822
-0.914058
-2.04151
-0.198454
0.995163
-2.59893
-2.359
-1.88265
-2.07817
-2.27717
-2.82215
-0.481102
-1.65512
-1.87299
-0.152897
-2.10314
-1.0659
-0.126277
-0.996796
1.38423
1.04585
0.347046
0.607296
1.42086
0.546009
-0.49546
-0.415167
0.254035
0.157005
-1.00147
-0.759258
-1.73956
-0.421778
-0.525494
-1.9978
0.536713
-1.428
-0.874954
-0.861637
-0.0643609
-0.214371
-0.454923
-0.567533
0.758184
0.440394
0.461107
-0.911974
-2.36319
-0.491818
-0.595006
0.485849
-1.67662
-1.13554
-2.47606
1.05041
0.39273
0.165849
-0.468118
-0.917925
-0.974262
-0.304999
-0.101431
-0.381465
2.21479
1.44042
2.36678
0.855979
0.438174
1.15351
-1.02057
0.222059
1.1238
-0.492664
-1.89298
0.239225
-1.52102
-2.87999
-2.42295
-1.42403
0.32753
0.0620192
3.18838
-0.333233
-1.09488
0.16725
-1.01205
-0.905239
0.404639
-1.2076
-0.346505
-0.411798
1.44667
0.958976
1.21746
1.3367
0.434825
-0.149437
2.78975
1.53277
1.09204
0.322069
1.24074
1.66834
1.31228
1.54285
0.230472
2.7593
2.62516
1.64182
1.44343
2.12336
1.0561
0.37839
0.493484
1.0359
0.215328
0.831339
0.12624
1.57875
0.502257
-0.0805569
-0.283603
2.23601
1.44943
0.237982
3.34468
1.64961
-1.94899
1.67429
1.56945
0.328401
-1.51806
-0.505175
0.291076
2.33592
0.329875
2.40099
0.691157
0.501552
1.19692
0.0697579
2.29719
1.84145
0.653765
-0.590101
-0.00924553
-1.68633
-0.752275
0.57248
-0.449099
1.78759
2.54893
3.18434
1.99144
0.684511
1.95996
0.976396
0.596308
-1.19151
1.81412
0.978355
0.0651369
-1.31681
1.51827
0.0308171
-1.37895
1.40643
0.742187
0.242623
0.123031
0.448139
1.51703
2.05026
-1.37174
-2.99632
-1.87006
0.00506335
-2.83898
-1.53936
0.346627
0.236966
-1.8152
-1.85533
-0.33044
0.386708
-1.54417
-2.12599
-1.54852
-1.91082
-2.30415
-2.82603
-1.52104
-1.0473
-0.506106
-0.540112
-0.732563
-0.917868
0.135899
-0.34118
1.6254
1.24913
0.006921
1.75895
0.897589
0.165235
0.337507
0.487186
0.53405
0.942894
-0.319561
-1.67509
-1.01008
-0.903693
-0.864963
-1.26178
-1.09706
-1.52179
-0.201025
-1.2853
-0.33615
-0.209631
-0.181268
-0.788269
1.91117
0.97784
-1.14165
0.480199
-2.3882
-0.748545
-0.253222
-0.164745
-1.09162
-1.63433
-1.42512
-0.114801
1.0176
-0.725033
0.184987
-0.108746
0.746866
0.904956
1.9969
-0.545805
-0.293563
1.00274
0.312272
0.890561
-0.367834
-0.152897
0.8623
-0.233151
-1.47641
-0.012704
1.36085
-0.0482757
0.523866
1.46332
0.548017
0.38762
-1.53172
-0.88389
-0.15708
-0.288258
-1.45752
-1.1271
-2.57876
0.317976
2.03196
-0.609194
0.0534933
-0.708114
-0.457268
-1.59023
0.115222
-0.546579
-1.95094
-0.0778801
0.470953
0.563716
-2.39823
-1.00162
1.16649
1.35844
1.41753
1.66664
0.378888
0.0277859
0.871577
0.95044
0.0487625
1.17841
-0.0435124
0.170093
-0.203582
-0.310693
0.110477
2.96236
1.44546
0.958756
-0.924019
-0.598042
-0.109696
0.424555
-0.865288
1.47318
1.60107
-0.489236
0.734402
-0.604732
2.1912
0.417519
-0.479494
1.48327
-0.191341
-0.422587
-0.0711635
0.91835
1.48919
-0.61648
-0.260915
-1.77837
-1.02391
-0.397636
-0.372448
-0.137665
-0.740376
0.946262
3.55741
0.053297
-1.28706
-0.61928
0.280902
-0.340459
-0.177364
0.316856
-0.48526
-0.305092
-0.265887
0.787213
-0.0515342
-0.257082
-1.70777
-0.46235
-0.243017
0.65448
-2.09246
-0.809962
-1.14445
-1.18678
0.756485
1.80361
0.0408067
0.198204
0.195089
0.431271
0.441378
0.708012
1.23282
0.814956
0.602809
0.966339
0.499808
-0.83333
1.4487
0.951543
-0.05969
-0.0978756
-0.317117
-0.731106
0.78842
0.50232
-0.982719
-0.139843
-0.0040124
-0.682958
0.894753
0.247349
-1.49563
-1.21019
0.108423
0.62008
-0.127202
-0.532857
0.0536128
2.29693
2.65101
2.39945e-5
1.58995
1.47218
0.13126
0.650744
0.249367
-1.10694
0.326243
-0.799235
-0.611759
0.111695
-0.236178
1.68484
0.959549
-0.382486
0.316321
0.939714
-0.612198
0.251589
-0.834237
-0.139601
-0.164337
-0.0722438
-0.730814
-0.943783
1.06237
0.069596
-1.6093
-1.56132
-0.0526834
0.751955
0.522783
1.7152
-1.16406
-0.723759
1.03895
1.02214
-0.686728
0.52345
-0.389143
-0.0948842
-0.12004
-0.454891
-0.445413
-0.164804
-0.897866
-0.616057
0.272635
-1.14917
0.704023
-0.546406
0.893037
-0.00561826
0.222133
-0.0362769
-0.225699
0.431668
-0.11882
0.291646
-1.2419
0.250328
0.345393
-1.14096
-0.0926404
-0.194822
-0.0283727
-1.29198
-0.030541
-0.453703
-0.296185
-1.11207
-0.46217
-1.089
-1.93718
0.294852
-0.636082
-0.509946
0.60688
0.25768
0.911669
-1.23694
-1.53045
-2.20735
-0.353723
-0.788729
-0.168754
0.0528245
-3.0449
0.597982
1.16386
1.2347
-0.190722
1.33201
-1.46747
-0.180061
0.560077
0.834842
1.79069
-0.69975
-0.406054
0.293272
-0.943515
-0.935331
1.02749
-0.296895
-1.4764
1.08812
-0.456256
-1.22507
-0.41525
-2.06908
-0.138034
-1.16183
-0.950325
1.04973
0.594561
1.5061
0.969302
0.6269
1.2564
-0.362946
0.653399
1.70802
0.944031
2.21842
0.234684
1.71223
0.493584
-0.358632
-0.14006
0.481712
1.41601
0.09986
-0.905961
0.328488
-0.554578
-0.677887
0.593043
-0.255252
-0.7223
-1.98422
-1.20411
-0.575332
0.284274
-0.90256
0.337406
1.45364
-0.240564
-1.80427
-1.00918
-1.94779
0.436142
1.70925
0.228316
0.0833438
0.390289
-0.057557
-0.00204389
-1.5061
-1.08464
1.63253
0.382974
0.0790904
0.0531219
0.395733
0.178231
0.406351
0.304013
-0.737261
-0.109072
-0.00582991
-1.35466
-0.608498
0.994836
-1.23207
-0.623591
0.998708
-2.14461
-1.20411
-0.468092
0.135229
-0.111053
2.30175
0.740734
1.85865
0.253007
1.65812
-1.52905
-1.17847
-1.26688
0.0162447
0.774303
1.19507
2.59181
1.00109
0.0756611
-0.453022
1.16158
0.545487
1.09219
2.79799
1.22233
3.07427
0.97544
0.994889
1.80421
1.39329
1.55332
