-2.44014
0.414172
-0.725462
-2.67585
-1.37854
-1.49671
-0.665145
0.886169
2.53555
0.768005
1.93612
0.626197
-0.297972
0.811261
0.737889
-1.46986
1.48598
-0.651872
-0.824866
-1.25823
-1.09808
-1.28753
-1.90157
0.867146
2.66365
-0.470487
0.569383
2.03436
0.401365
-1.39087
-1.14433
0.798495
-1.74746
-1.25257
-2.14568
0.866016
2.26751
2.04308
0.957499
2.71578
2.1306
1.85343
2.85406
2.80301
1.95473
1.09053
1.87106
0.468058
0.960131
2.24408
1.90799
1.33278
1.78685
1.97935
1.81804
2.27837
0.863917
-0.350082
1.24655
3.25325
1.33985
1.10491
1.25453
2.3543
3.0768
-0.493928
0.515081
-0.686151
-0.547081
-2.23656
-0.384343
-0.53348
0.563776
-1.8933
-0.670056
-1.76612
-1.02892
1.8331
-1.45395
0.977571
-0.592306
0.733515
1.36266
2.01184
-1.01409
-0.0410187
-1.78468
0.740744
0.866614
0.0537062
0.942351
1.01993
1.089
0.93241
1.61479
2.30759
-0.232019
0.43513
2.31267
2.89307
1.35035
1.76438
2.72232
1.86095
2.32262
2.50601
2.21108
2.48666
1.55403
1.7152
0.996094
0.512487
1.57569
2.57215
2.14851
1.17112
1.73159
0.462919
0.57442
1.16013
-0.080837
0.278221
-0.0698563
2.43662
1.25138
-0.246305
-0.988405
1.02941
0.005324
-2.19122
1.11002
-0.343674
-1.88516
-1.83838
-0.381355
1.22725
-0.795845
-0.349537
0.700615
-1.1466
-1.56928
0.303947
-1.46697
2.36817
1.03274
-0.286078
2.82546
2.45742
2.00911
-1.60818
-1.37197
-0.16861
-0.863466
0.961719
-0.436953
-0.818511
-0.353988
-1.69249
-0.452223
0.00405892
-1.45939
0.0121125
-0.536464
1.39531
2.09806
1.22725
2.94872
2.4178
0.453081
-0.00762862
-0.874129
0.314658
2.39842
1.82146
2.78893
-0.439805
-1.75673
3.1325
2.30404
-0.269953
-2.17981
1.94665
0.150641
-2.35348
-0.736522
-1.06939
-0.351087
0.834979
2.78545
0.660292
0.0721263
0.927271
-0.822357
-0.318557
0.724095
0.395885
1.49482
0.227774
-0.575
-0.706993
-1.29367
-0.506826
0.804951
1.26485
0.148449
-1.26372
-0.135566
-0.107554
2.40273
-0.979194
-1.10174
0.225778
-2.10301
-1.13086
-1.32241
1.35749
2.56282
2.16177
1.41086
3.42582
2.7591
1.71154
0.921901
1.48498
2.73698
3.1339
2.69248
0.601156
1.56612
2.1366
1.17127
1.25846
1.43534
2.32124
2.30216
1.49573
1.35797
-0.509855
1.09416
1.66529
1.94854
-0.279172
-1.30009
1.8715
0.838202
-1.0616
-1.67435
-0.161736
-2.08513
-1.86229
-1.61835
-0.740677
-1.72049
-2.35198
-2.35197
-1.61809
-1.97526
0.771036
-1.64465
0.292915
-1.56306
0.369003
1.17459
1.48339
-2.0552
0.228466
-2.50358
0.687469
0.629533
0.794528
1.5252
1.1041
2.23876
0.574039
0.937479
1.92409
-0.630498
-0.253843
1.60105
2.554
1.77468
1.99609
3.01772
2.24061
3.10053
2.11422
2.79492
0.940775
2.24153
0.89001
1.87872
0.606518
0.781604
2.48428
3.02998
1.00094
1.69451
0.985161
0.183915
1.75589
0.0362543
-0.381043
0.536412
2.46755
0.838013
0.0264428
-1.20052
0.68464
-1.03002
-2.31074
0.675176
0.568313
-1.82785
-1.16142
0.0177235
-0.127578
-1.02345
0.865797
-0.239943
0.625328
-0.0735627
0.428836
0.0696263
0.866714
0.903663
0.918022
1.99258
2.32878
-0.279184
-0.879479
-0.705241
1.35298
0.112876
0.37986
-0.54084
-0.314792
1.32043
-0.13344
-1.00716
0.230375
-1.48365
-0.959413
0.213857
1.2051
2.77398
2.6964
2.09345
2.65791
0.119837
-0.401502
-2.08801
0.281797
1.90548
1.53812
1.33592
0.668934
-1.37334
1.68257
0.0298391
1.00696
1.32898
2.57838
1.23711
1.43819
2.74701
2.48547
1.15929
1.29562
2.7767
1.72683
1.00636
-0.848051
0.313129
2.64712
1.06843
0.858672
0.287027
0.969249
-0.289354
-0.0786911
2.04068
0.601066
0.13633
0.424835
1.40205
0.507954
0.956926
-0.368269
-0.298205
0.062524
2.47556
1.3971
-0.216192
1.35653
0.588368
-0.41553
-0.705917
-0.488474
0.770529
-0.0766515
0.103776
0.696228
0.834178
-0.258925
0.364154
1.13594
1.00369
1.61345
1.92166
1.16518
1.09832
1.57996
2.52718
1.64993
1.35528
0.351179
1.02239
1.10914
0.828502
-0.540605
-0.967699
-0.0249928
1.99515
-0.370197
-0.496128
1.74077
1.01055
0.720045
1.59599
1.55155
2.65228
0.914992
1.09755
-0.105063
2.27475
0.881093
3.08428
1.261
-0.199861
-0.0832214
0.835323
-0.249702
-1.21087
1.47731
2.44072
-0.00906078
1.54776
-0.323437
1.65387
0.71576
1.1588
0.33443
1.315
1.24649
1.09529
0.740006
1.0935
2.38583
-0.222482
2.39215
-0.121562
0.783363
2.01081
0.800502
0.986613
0.121347
1.34259
1.55749
1.9611
0.616219
1.37274
0.405231
1.30649
1.9249
0.619422
2.36188
1.16575
1.82215
1.76252
1.88462
1.46674
1.61064
1.36612
1.63629
0.138588
0.213223
0.588281
0.822589
1.64311
1.8236
1.38269
0.697438
1.29313
-1.10403
1.47657
1.04532
-0.188801
1.21968
0.508317
-0.38052
1.72072
1.16191
-1.00722
0.29503
1.53675
2.25039
1.42632
1.31123
1.61128
1.3002
2.297
1.51385
2.00856
1.54001
1.86526
1.41744
1.65036
1.25995
-0.876406
1.22701
1.31223
1.53882
1.06346
-0.247522
0.272303
1.25435
1.90019
1.50949
2.13907
0.840177
1.12808
1.43339
-0.695778
2.87199
1.33871
2.92858
-0.638018
-0.461654
1.08849
1.1108
0.900838
1.05181
2.52126
1.06908
1.40462
0.207021
1.50275
0.573676
2.28495
2.12394
0.424675
1.26912
-1.88553
-0.624989
-0.367694
0.633859
1.62152
1.54059
-0.772354
1.20722
0.649964
1.83102
1.487
-0.705536
0.457553
-0.0033983
-0.569609
0.782086
1.29742
0.639689
1.23248
-0.271157
1.07398
-1.25201
0.319712
-0.929588
0.165868
1.00418
0.378594
1.42863
1.16674
1.40332
0.0291233
-0.806862
0.868081
-0.5642
0.867459
0.432342
-0.250708
1.05297
-0.0244912
0.0835688
-0.336779
0.421118
1.61114
1.1727
1.75057
1.25047
1.89054
1.152
0.739894
1.69831
0.90791
0.392956
1.37532
0.720141
2.22691
0.603393
0.9393
0.728991
1.2798
-0.745378
1.08877
0.685788
1.1565
0.880467
1.62958
-0.303354
0.327515
0.636592
1.12889
-1.29251
0.570028
0.385722
1.55916
0.802079
1.47165
1.48661
0.59044
-0.537342
0.440407
0.81651
0.0687992
2.25566
-0.407154
1.15732
1.33637
1.57933
2.66237
0.465457
1.05957
2.01643
-0.985174
1.693
1.44616
2.71912
-0.189508
-0.0952778
0.658078
1.95588
-1.47982
-0.599051
1.02991
2.33921
-0.635686
1.57519
0.615474
-0.746377
1.90731
2.90144
0.764451
0.859627
0.342222
0.230861
-1.63858
0.034855
-1.17417
1.34842
1.88384
1.64959
2.39771
0.59338
0.22918
0.837297
1.11531
1.1963
2.02404
2.291
1.22655
1.45729
0.779524
1.56984
1.88859
1.12954
0.151056
0.910649
1.05291
0.0584847
0.959652
0.532672
-0.322944
1.10445
0.558029
1.48372
1.15262
-0.195944
1.33959
-0.199787
0.636364
1.47691
0.102537
1.67623
1.51525
1.53201
1.33555
2.24692
0.946933
1.73293
0.599463
0.149821
-0.891628
1.35793
0.66045
1.86801
0.745522
0.195745
1.54019
0.869805
