-1.0493
0.413488
-1.55283
-0.887775
-1.14684
0.513966
-0.00166176
1.87666
2.63908
2.13684
1.83403
2.05289
-0.288749
0.350454
-0.412785
0.629775
0.91122
0.760239
0.412892
-0.200551
-1.23591
-1.89908
-1.27989
-0.433927
1.94031
1.2553
0.208214
1.52831
0.468298
-1.26437
0.909072
0.0580643
-0.249776
-1.2274
-1.70095
2.16109
2.00963
1.59208
1.06368
2.02753
1.97081
1.71658
1.1789
1.38675
0.870539
1.6807
2.42079
1.2221
2.04416
2.53402
2.51325
1.63069
2.51553
2.47372
2.03395
1.0497
2.28539
2.58153
1.38284
0.229778
-1.7975
-0.743712
0.918741
-1.49272
-1.61466
-0.222612
-0.9936
0.0399458
0.405666
0.857179
1.04521
-0.940054
1.26863
0.782267
0.344685
-1.49124
-0.864352
1.22017
-0.0606583
1.11841
1.57175
0.747514
1.62757
0.503962
0.0223154
0.601529
0.10347
-2.02953
-1.61129
-1.98565
-0.193752
-1.92078
-2.50743
-1.76334
1.67533
1.37507
1.45382
0.464779
0.857967
2.84406
3.31944
2.26015
-0.0180332
1.39516
3.19894
1.20538
-2.23447
2.85711
0.992763
-1.54026
0.975774
-1.63473
2.33699
2.44688
3.27235
2.85974
2.04864
0.272565
1.05097
-0.833237
1.30272
-1.13245
-2.4651
-1.00832
-1.13617
2.29191
-2.17016
0.0845492
-1.86178
-3.34631
-2.64947
-1.66383
-1.9917
-1.63042
-2.10566
-0.184269
-0.836662
-0.498894
-0.430172
-1.06539
-0.602176
0.148433
-0.719179
1.61591
0.614089
2.04372
2.63335
3.85734
1.02215
-0.994343
-1.56765
0.324335
1.94117
-0.604243
0.48584
-0.100967
0.67187
0.735453
-0.673697
1.36504
-2.20028
-0.378929
0.75662
0.144963
-1.21221
-1.86685
-0.736507
1.54935
2.74399
-1.19819
-1.19493
-0.478404
-1.01426
-1.14879
0.182863
-3.11778
-1.63471
-2.71313
-0.236251
-0.585811
-0.927501
1.2757
-2.29249
-1.14571
-1.11923
-0.186163
0.184654
2.86069
3.06994
1.62887
2.18057
1.33679
-0.255592
0.185342
-0.416429
1.07042
1.02012
-1.4258
-0.0834994
-1.14738
-0.394338
-1.91072
0.861459
1.36062
0.192081
1.25691
-0.217459
0.98695
-0.686077
-1.05157
1.24543
0.632591
0.144703
-0.261272
-0.682059
1.43536
2.25472
1.94251
1.88092
1.52431
1.75843
3.02444
1.39549
1.57532
1.67714
1.66383
3.50284
2.38857
2.50173
1.03224
2.57934
2.55096
2.95732
2.03493
2.74563
3.05574
2.07057
1.88395
1.34979
0.888401
-0.95789
0.774206
0.398199
-1.80562
-1.64845
0.445362
-0.111796
0.858626
0.110821
0.860226
0.930714
-0.205049
0.645725
2.86024
1.27921
-1.43183
-1.7179
1.88645
1.98015
1.12838
1.01076
0.987339
0.233945
1.91131
-0.346752
0.358355
0.427428
-0.922329
-1.50132
-1.56597
-1.54103
-1.68129
-1.7068
-0.944053
0.947078
1.78503
1.35809
-0.0163579
0.893515
1.2276
3.77874
3.04924
-0.255436
2.14564
2.8973
1.30288
-2.0174
2.54384
1.16694
-0.597359
-0.862754
-1.03159
1.88856
2.76444
3.16216
1.7959
1.97084
-0.115657
1.232
-0.843167
1.94242
0.0486102
-1.23034
-0.650257
-1.31427
1.40629
-0.0387209
-0.024469
-0.69765
-2.2105
-1.74732
-3.12536
-2.17022
-4.0149
-2.09759
0.945612
-0.797973
1.98673
0.526525
-1.95925
-1.11028
0.0092244
-0.194122
0.306527
0.327867
1.17288
1.83077
2.64311
-0.750278
-0.802721
-0.574459
0.314521
1.45805
1.16425
1.32335
-0.147773
1.16991
0.815481
-0.519745
1.37886
-1.57711
0.380785
0.730874
-0.283742
-2.17719
-0.507226
-0.116777
2.30775
1.85205
-2.53698
-0.674809
-1.17001
0.44376
1.20341
-0.25933
-2.10603
-1.90533
-2.21296
0.316198
1.05598
0.516253
0.612863
-0.104915
-0.642151
-0.304146
1.09052
0.308333
1.9837
1.76065
2.05394
1.31211
1.07986
-3.09039
-2.27418
1.27972
-1.10723
-3.3454
2.2372
-0.348263
-2.39698
1.54854
1.02072
-0.234999
-0.594198
-0.720517
-0.555586
-0.862066
-0.962217
-0.466472
-1.46583
-0.83186
0.140233
-0.916177
-0.917459
0.984506
1.52759
0.0569599
1.17742
-0.897516
-1.6166
-0.151647
2.17222
2.41609
0.784003
0.417179
-0.495529
1.76106
-0.00263519
1.76947
1.03623
-0.0326359
2.46587
0.686157
0.947649
1.09566
1.71229
2.14161
1.40437
2.84417
1.06334
0.983535
0.741088
2.36853
-0.363193
0.573138
1.19577
1.20844
1.5522
0.163665
0.871017
1.78859
2.03141
-1.32037
1.50576
1.91344
0.320764
2.69469
-0.665316
0.308504
2.50236
0.391883
1.67066
0.402754
0.705209
1.27465
-0.572765
1.63768
0.0239849
1.4772
2.05894
1.92815
2.43281
-0.242501
1.34652
1.27376
0.316312
1.24445
-0.296065
-0.311977
-0.177914
-0.794907
-0.868723
0.377963
0.0161524
0.0229562
0.23476
1.23455
0.909519
0.470596
0.672606
0.679572
0.979174
0.520784
2.26245
1.43473
1.43225
3.13996
1.31063
2.65895
2.89391
-0.2305
-0.872132
0.221842
-0.19306
1.97735
0.576344
1.47028
-0.938787
-0.398201
-0.908147
0.367064
1.11759
1.31915
0.755686
0.357856
0.428494
0.57071
0.963194
-0.959859
2.89973
0.491612
0.263506
0.768104
2.70399
0.693185
0.235927
1.77541
2.77874
2.27142
0.679841
1.12855
2.1123
1.76444
0.979339
0.435286
3.35254
1.21289
2.73372
0.732427
1.55982
0.0399145
1.64462
1.09978
1.19873
1.18206
1.50267
1.81428
0.388671
-1.04016
0.241959
1.35334
1.89804
1.07948
-0.628174
0.652689
2.47781
1.74177
-0.397381
-0.319386
-0.31976
0.60989
2.38172
2.56164
-0.323989
0.664318
0.194762
0.386765
1.00981
1.95867
0.790008
-0.886698
0.263342
-0.652356
-0.102909
0.985251
0.319418
0.720177
0.362246
-0.231849
0.47017
0.890884
0.778805
1.22214
0.30202
1.45218
0.680663
-1.0176
-1.44214
0.584725
-0.198268
1.07847
0.54596
1.12918
-0.885058
0.327133
-1.2148
-0.717689
0.238347
0.336804
1.69083
-0.600249
-0.927751
-0.235235
-0.119324
0.222195
-0.987954
0.623207
-0.716178
-2.73768
0.223308
-0.436454
-1.05944
-0.365291
-0.829196
1.38818
2.07551
2.50337
-1.06282
-0.333873
0.381526
1.24095
0.499163
0.897075
0.933351
0.615015
-1.2059
1.57257
1.45342
0.473024
1.54503
-0.209007
-1.3119
1.51631
0.610773
0.920291
0.875661
0.125898
0.871646
-0.27013
-0.0473009
-0.214164
1.01377
0.550135
1.35635
2.31987
1.57014
2.1738
2.09952
2.802
3.14308
0.129898
2.57657
3.34279
1.97998
1.44622
2.4325
-0.880128
-0.44873
0.633666
2.12249
-2.55996
0.626075
-0.845484
-0.0337945
-2.44854
0.0121419
-1.40715
-2.18395
-0.654852
-0.15865
-1.4898
-2.52871
-0.968294
1.02874
2.03523
1.88429
1.59904
1.32398
-0.483521
1.28122
-0.799966
2.02824
0.458069
1.27034
0.781612
2.20234
-0.414399
1.66819
1.40147
1.21674
1.15746
0.208015
-0.276425
0.119754
1.90837
0.644529
1.589
2.16696
-0.331982
0.163761
1.43498
-2.22181
-0.0991288
1.70028
2.23533
0.331168
-0.899334
-0.783905
-0.0141557
0.971665
0.203089
0.182613
2.77537
0.160813
-0.526077
2.38934
2.79374
1.45522
0.511818
-0.865087
1.41538
-0.5448
-0.397025
0.13353
-0.103095
0.613383
1.82127
1.5206
1.13653
1.25288
1.75613
0.532752
0.730844
1.66439
0.597888
2.3303
0.428257
1.44525
