0.104046
0.834844
-1.79879
0.488618
-0.310619
0.543295
0.596901
1.1626
1.14665
1.60832
1.2032
1.22296
-0.439858
0.0224394
-0.531571
0.425677
0.242574
0.733832
0.29019
-0.0186913
-0.838371
-0.276784
0.313684
1.24229
0.140668
-0.511443
-0.312777
1.59784
-0.0149022
-1.11443
0.628343
-1.1521
-0.988778
-1.32948
-1.58257
2.18261
2.75202
1.50117
0.730138
2.18503
2.69138
1.16594
2.09989
1.69929
0.435146
1.23999
1.45324
0.972956
1.43448
3.05082
1.25772
1.49609
1.76684
1.91259
1.57593
1.1041
2.2534
0.885207
1.64462
1.15724
-1.04201
-1.68062
-1.68401
-0.512173
-1.52099
-0.0854291
-2.77644
-1.95703
-0.424612
-2.2215
-1.38558
0.0796689
-1.90651
-1.10714
-2.0632
-1.94473
-0.448846
0.263635
-3.16052
-0.00575313
-1.04946
-0.352558
0.240675
-0.381204
-0.513705
-1.77876
-1.08017
-1.7266
-0.794172
-0.789439
-0.404323
-1.23364
-1.32123
-0.310482
0.947955
1.41928
-0.812353
-1.25578
1.53857
2.3694
2.50524
2.24238
1.41085
0.479951
1.83524
2.46044
0.740613
1.578
0.720574
0.748833
-0.691034
0.291772
1.94166
2.39553
2.46707
1.46266
1.02158
1.19078
0.784541
0.856212
1.02107
1.14706
0.171586
0.317637
0.314015
2.64681
0.332594
0.440604
-1.31917
-2.00775
-0.511557
-0.941783
-0.697995
-0.342459
0.825121
1.92312
0.729075
-0.201324
0.858347
-0.570707
-1.57452
-0.355079
-1.04716
0.319806
-0.597161
1.42342
2.72023
2.57615
-0.302322
-3.04108
-2.88451
-0.586294
1.73572
0.634073
1.73578
0.982481
0.633507
1.21633
-0.24715
1.70068
-1.43508
-0.18217
1.27845
-0.0112863
-0.0867462
-1.43609
1.01766
2.616
0.807524
-2.13219
-1.8149
0.829467
1.1986
0.911019
2.12073
-1.94156
-1.64528
0.47954
-1.38691
-1.67002
0.0500139
2.00178
-1.74332
0.353145
0.697166
0.323436
0.729689
1.79277
1.42395
0.820451
1.69109
0.951419
0.702025
0.386336
-0.16039
0.726996
0.690517
-0.390566
1.007
0.136158
0.200752
-1.04768
2.46998
1.13452
-1.41017
-0.836536
0.00691369
-0.552263
0.0368461
-1.54889
1.23807
-0.796753
-0.540697
-1.35244
-1.39357
1.30975
2.30417
2.13616
1.62229
1.06309
2.40751
2.02318
1.18888
1.2047
2.23862
1.82045
1.27045
1.02908
2.15423
1.79023
1.47817
1.92092
1.5907
1.60253
2.05893
2.28191
1.98115
0.203542
1.53944
0.932725
-1.1852
-1.11815
-2.57838
-1.42477
-1.64964
-0.0459644
-1.47676
-0.426738
-1.22092
-1.15948
-1.69301
0.105571
-0.946243
0.789171
-0.148442
-0.689762
-1.58287
1.53304
-0.950102
0.229048
-2.37531
-0.678357
-0.813989
-0.480064
-1.0007
-1.23246
-1.2634
-1.67125
-0.910876
-1.70347
-0.416534
-1.11622
-1.04249
-0.488302
-0.0332427
1.27862
0.639076
-1.55209
1.31025
2.24531
2.76713
2.68929
2.6787
1.90536
2.63358
2.3637
0.487028
0.996124
1.49947
2.19914
-1.21288
0.805448
1.84841
3.44415
2.8703
0.948565
1.36767
1.1181
1.68768
1.27586
1.68216
1.46259
0.498687
0.0943354
0.179146
2.1603
0.632786
0.551553
0.346382
-1.43946
-0.17826
-0.877699
-1.37818
-1.89205
-0.300632
2.25809
-0.165995
1.92683
0.51092
-1.46796
-0.522833
-0.204857
-0.32314
-0.181825
-1.51523
0.223408
1.94692
1.89949
-2.13459
-2.07989
-2.00378
-1.54171
2.17909
1.19401
2.07935
0.671146
1.50287
1.38289
0.799789
1.14675
-1.84307
-0.0432176
0.586858
0.306741
-0.788133
0.234209
2.39227
2.2953
0.938975
-0.660081
-1.09189
0.814775
1.20224
1.20655
0.7984
-1.33247
-1.28054
1.33223
-0.939645
-0.0161802
-0.29491
-0.000733579
-0.445654
-1.11065
-0.045591
0.547348
0.474717
2.53996
0.929779
2.20186
1.48445
-0.629318
-1.67356
-0.982408
1.25175
-0.826624
-1.73197
1.45101
-0.083947
-0.751119
0.977903
1.14303
2.57282
2.06796
1.85981
1.3903
1.04081
0.248443
-0.319672
-0.182868
1.42628
-0.623026
-0.956713
1.9482
0.935603
1.81638
1.00844
1.13335
0.167773
-0.340846
0.151705
2.64728
2.45615
1.34906
0.755727
-0.265571
2.0559
0.954267
1.76039
0.6912
1.80647
3.14694
-0.423527
1.7715
0.444279
1.11326
1.31123
1.19459
2.71583
0.647243
-0.173811
-0.330119
2.14583
1.15212
1.22551
1.32644
1.18344
1.78656
0.697664
0.597128
3.8196
2.46282
2.71146
1.72155
3.60785
1.48149
3.80202
2.36145
0.885358
1.29851
1.16044
0.386163
0.341563
2.29161
2.39304
1.13933
2.30089
0.342064
1.9633
2.05725
1.13262
-0.249376
0.647818
1.64421
1.44704
1.00186
1.47529
2.26005
1.48388
1.62868
0.182073
-0.126822
2.33413
1.81699
1.61268
1.70809
1.23722
1.79053
1.4369
1.91748
1.0292
-0.420175
1.33935
1.03016
1.22892
1.64677
2.77202
1.81107
2.11411
1.67651
-0.309066
-0.664675
-0.12562
0.273703
0.366228
1.31679
2.15018
-0.839039
-0.418351
-0.0632368
-0.49386
2.2222
2.83934
1.51057
1.87893
0.902385
2.46813
2.00565
1.27041
0.883368
2.51734
0.940173
0.548427
1.83434
1.42835
1.89809
2.01054
2.25228
0.846873
0.239616
1.67711
1.42581
1.99751
1.4686
1.05045
2.37998
1.83956
2.20509
2.22799
1.48374
0.118991
0.25303
0.672312
0.989089
1.19372
1.74827
3.22267
2.3017
0.85836
1.56304
3.88068
2.18012
1.44346
2.32563
3.1336
2.82594
2.99277
0.608279
0.84858
0.903439
0.720044
1.50427
1.68998
0.828538
1.45855
-0.067569
-0.0209208
2.07193
3.51066
1.79163
0.625451
2.10657
0.375387
1.65369
1.26909
0.484197
0.862933
0.781486
1.17256
1.36716
1.09612
0.156605
1.39356
0.274524
2.00583
1.17933
-1.33275
-1.33765
1.80854
2.23355
1.21687
0.615047
3.48784
-0.213502
1.34785
0.82167
0.47355
1.19316
-0.421278
1.92933
-0.146886
0.199475
0.716525
1.67042
0.752628
-1.08713
2.49805
0.659132
-1.23486
1.40936
0.151352
0.200655
-0.1805
0.516191
2.37121
2.43684
2.93134
0.232257
0.275373
0.0545177
1.33267
1.42273
1.46174
1.33563
0.108875
0.382767
1.41059
1.64541
1.58168
1.58678
0.200376
-1.37936
2.21219
0.774438
0.571098
0.984524
0.319269
0.987259
0.952923
0.27841
0.953549
0.795504
1.10062
1.09288
1.1104
1.32964
0.838212
1.16536
1.53691
1.23197
0.102515
1.37113
0.917005
0.55259
0.172131
2.05661
-0.74857
0.0787002
0.426114
1.80014
-1.14681
0.113768
-1.36018
-0.323674
-1.64703
2.33673
1.25227
-0.940069
-0.0560001
1.49205
0.9805
-1.13563
0.626054
2.08272
1.43502
1.83473
0.694343
0.214423
1.03394
2.18671
0.0531926
2.10564
1.21662
-0.689638
0.0739362
1.5142
-1.20513
0.0360371
2.29728
2.65782
0.0648275
1.31386
0.816124
0.544259
2.12685
1.86121
1.88168
2.65937
0.593216
1.19073
2.50903
0.317284
0.941909
1.05262
2.20066
1.64468
-0.872989
1.00032
0.00980792
0.627942
0.381963
1.78398
0.667743
1.11734
-0.376423
1.14919
0.430605
2.34117
1.38409
-0.0400349
2.02613
-0.116646
-0.497392
0.135527
-0.548135
0.946951
2.17218
2.61979
1.33899
0.891574
0.345961
0.125793
-0.0901803
1.23564
0.875647
1.6602
1.0309
1.83055
