-0.281859
-1.24014
1.18533
-0.321121
-0.289744
-0.538946
-0.917925
-1.94365
-0.908909
-0.479005
1.58876
1.03991
-0.122081
2.26935
1.58486
-0.537928
0.847376
-1.26636
0.512539
-0.7369
0.00814295
-0.587514
-0.524583
-0.0334863
-1.10176
1.16442
1.56249
0.540312
2.46783
2.97635
0.335057
3.42641
2.15692
3.23505
3.30304
-2.66698
-4.33018
-0.842875
-2.80834
-3.59805
-3.69929
-2.14825
-2.98748
-1.44857
-2.0357
-0.538796
-1.93289
-1.20445
-2.55677
-1.27485
-1.76759
-2.58673
-0.980405
-1.63266
-1.53434
-1.25007
-1.59704
1.63985
-1.94294
-2.35266
-0.280794
1.94926
3.90152
-1.1437
-0.00887056
-1.25868
4.28319
2.3584
0.183759
3.03549
2.21318
1.83676
5.11361
3.09147
2.21648
1.10474
1.76878
1.65116
4.16482
2.35624
2.96929
1.17752
1.87153
0.509551
2.45416
1.01049
1.88836
0.955644
1.2657
0.138291
0.602282
-1.31814
-0.97888
-1.22281
0.921359
-1.63689
2.75072
2.55565
-2.25015
-2.95173
-0.980616
-1.96475
-0.736676
-0.349803
-1.66327
-1.86277
-1.0863
-2.49562
-0.958903
-2.19413
1.35008
-1.75292
-2.69092
-3.04101
-1.9643
-1.09994
-1.19074
-2.65141
0.187094
-2.46779
-1.39104
-3.02941
-0.916508
-0.433656
0.921151
-2.93806
-1.26117
-0.922522
1.8261
2.75985
-2.15415
-1.05093
1.29577
-1.64816
-1.8238
-3.73473
-0.137958
-0.497202
1.09376
1.48222
1.07499
0.130828
-0.0364981
1.97889
2.73142
-0.243898
-2.86699
-2.49109
2.80111
3.96706
3.72246
-0.560041
-1.12842
-0.43138
-1.45657
-1.65407
-1.57124
0.017755
-0.0208828
-1.06419
2.43541
2.81237
-1.85665
-1.85134
-1.94512
-1.69166
-1.98765
-1.64828
-0.859477
2.39248
2.59764
-3.2421
-0.217707
0.611234
-1.36273
0.767169
1.59675
-1.54104
0.186152
0.327981
-0.141082
-1.89661
1.04632
-0.378233
-1.01161
-0.991247
-1.29917
-2.47414
-0.768702
-0.453214
0.114549
-0.109188
-0.503324
1.57311
0.653532
-1.04078
0.801958
-0.298171
0.0724708
-0.239175
-0.479226
0.579143
-3.35775
0.308605
1.81551
1.95609
1.13619
2.69289
2.59918
3.19556
-0.500698
4.24657
2.63021
2.99674
3.7523
-2.38127
-3.92504
-1.47548
-3.46374
-2.43654
-3.20906
-2.78132
-2.01406
-0.930016
-1.17586
-0.631449
-1.16778
-0.759413
-1.65031
-0.743409
-2.62842
-2.97149
-0.404706
-1.66385
-1.54006
-2.42079
-1.1739
2.00441
-1.244
-1.83607
-0.141611
2.14715
4.23867
-1.74495
-0.330455
-0.880963
3.96516
1.84453
0.514161
2.33712
1.96915
1.93824
4.06881
2.74538
0.658801
1.11613
2.02919
0.539876
3.59975
3.17119
3.89691
2.14084
1.87395
0.706099
2.5861
1.1753
1.92783
0.502186
0.971324
1.17261
-0.908268
-0.69377
-1.26623
0.102701
2.70658
-0.745955
0.964628
2.77705
-1.1969
-2.88759
-2.6119
-2.65829
-1.8304
-0.459491
-2.22843
-1.5598
-0.254712
-0.63167
-1.06044
-1.19279
0.866943
-0.804145
-1.94642
-3.52899
-3.27527
-1.70068
-0.94994
-2.29165
-0.6339
-2.18936
-0.526083
-2.4161
-1.64004
-0.773192
0.871012
-2.58431
-2.10297
-0.904171
0.81432
2.71568
-0.903399
-0.181736
2.68213
0.921747
-1.08244
-1.84862
1.30124
-1.53689
1.56773
0.712414
-1.25769
-0.448633
-0.0937225
2.86823
3.1831
0.114666
-2.8835
-0.273333
5.08255
3.96941
3.25205
0.838955
-2.53821
-0.343027
-1.82944
-1.02893
-1.62185
-0.178454
-1.84529
-1.0941
3.36881
2.68709
-2.07977
-1.46756
-1.10039
-1.69019
-2.38722
-2.17269
-1.62356
0.817758
3.73768
-2.53621
0.362496
-0.259447
-1.5114
-0.158091
2.10712
-2.42002
-0.534801
0.528913
-0.345172
-0.41266
-0.426773
0.0968368
0.156243
0.0505331
-0.613732
-1.24305
-0.377765
-2.22916
-2.30126
0.772659
-0.987519
-1.3046
-2.07631
-0.582131
0.554706
-2.38423
-1.2206
-0.469695
-0.59541
0.829896
-1.129
-1.27648
-1.65575
-1.85102
-2.01352
-0.536542
1.65355
1.31886
-2.65877
0.540099
0.327637
-1.56495
-0.422735
0.444703
-0.545561
-0.247187
-0.975415
0.708378
0.314043
-3.06768
-3.19275
-0.929646
-0.573352
0.480708
-3.81936
-1.88143
-3.07009
-2.19865
-2.69413
-2.03738
-0.00101404
-1.9649
-1.18506
-0.550061
-0.360059
-1.28549
-1.5871
-0.597193
-1.99708
-1.511
-2.22759
-2.4499
-2.44017
-0.686213
-0.917464
-1.47716
-2.66141
-0.914335
-3.62418
-2.39689
-3.09403
-1.0799
-3.09214
-1.22497
-3.62137
-2.98396
-0.910743
-1.88077
-0.84202
-2.27845
-0.868709
-4.00315
-1.27301
-0.95894
-1.96403
-3.63404
-2.91008
-1.2172
-1.0928
-0.985666
-0.60051
-2.08731
-2.25395
0.0999261
-0.688336
-3.51712
0.144883
-2.69149
-0.0100792
0.262399
-2.57101
-0.536709
-1.65187
0.0403882
-1.30017
-2.26065
-1.14078
-2.67851
-2.72096
-0.409045
-0.669954
-1.83486
-1.76574
-2.45206
-2.75738
-1.82573
-1.93104
-1.80475
-0.549045
-0.129157
0.00177866
-0.116804
-0.0701266
-2.6232
-2.01619
-1.53755
1.30025
-0.24844
1.11994
-1.93072
-3.63563
-0.216973
-3.53
-0.991476
-2.1531
-1.6213
-2.1245
-0.726452
-3.16786
-0.591472
-1.07349
-1.15338
-1.51048
-1.71325
-1.92748
-2.14122
-1.34468
-0.584664
-2.37428
-1.96447
-2.38561
-1.80845
-1.58631
-1.26499
-2.15163
-1.93911
-3.63095
-1.05288
0.411184
0.1747
-2.61511
-0.812884
-1.66129
-2.56599
-3.72943
-3.13231
-1.37075
-1.8227
-3.3875
-2.57877
-1.38922
-3.25331
-3.54427
-2.31934
-2.8073
2.07111
0.662115
-1.93535
0.236245
-0.879636
-1.66834
-2.22944
-2.98407
-0.0578423
0.283371
-2.01502
-3.16172
-3.1905
0.475578
-2.0695
-0.833276
-1.62536
0.162379
-1.33414
-0.547806
-1.21074
-0.891713
-1.97184
-0.557116
1.39407
-0.644617
-1.63291
-1.50277
0.724828
1.71983
1.26918
-2.13582
-2.84921
-0.293243
0.205819
-0.955651
-0.432244
0.415048
-0.975089
-0.39501
-0.292636
-0.437054
-1.05131
-0.589171
0.00128523
-0.227507
-1.73285
-1.33356
-1.50677
-1.15638
-0.17684
-0.107686
0.127464
0.958059
0.216421
-0.197467
-2.31176
-1.1652
-1.7884
-2.69764
-0.451647
0.317593
-0.566071
-0.177754
-0.530031
-1.19767
0.216926
0.271502
-2.11898
0.892148
-0.745589
-1.04769
0.839502
-0.0830363
1.08129
-1.86592
-2.67528
-2.19647
-1.42007
-2.45384
-0.801104
-1.35171
-0.118276
-1.31079
-1.03328
-1.25372
-0.156204
-1.2742
-3.2146
-1.23234
-0.815204
-1.58722
0.763201
-0.472835
-0.597385
-0.934047
-1.20642
-0.604183
-1.80735
-0.895943
-1.88266
0.53843
-1.86568
-1.61623
0.362723
1.64921
-0.392909
-0.986858
-2.43081
-1.17908
-0.423629
0.386792
-1.6373
-0.897287
1.20412
-0.894715
-2.91241
-1.32957
-2.28084
-1.77242
-0.857415
-1.50516
-1.32061
-1.66642
-0.65298
-0.923661
0.572689
0.201363
0.452316
0.326431
0.268687
-2.42723
-3.82955
0.395587
-0.476803
-0.516204
-0.849957
-2.91483
-1.83562
-1.33547
-2.56711
-2.57642
-2.65484
-3.04774
-0.515072
-0.478109
-1.58109
-1.28193
-2.30791
0.311244
-0.787592
-0.359204
-0.638722
-1.50631
-1.78337
-0.431828
-0.73086
-0.196928
-0.726423
-1.30088
-1.4843
-2.07455
0.934654
-0.674114
-0.887834
-0.373113
-1.09616
-0.906658
-1.75699
-3.57491
-2.13233
-2.92914
-1.01718
-1.09813
1.52771
0.570071
-1.77975
-2.32768
-1.6907
-1.44482
-1.92011
