-1.39036
1.20979
-0.487248
-1.77035
-0.322356
0.757947
-1.17033
0.369308
1.0192
1.36352
2.18443
0.844533
0.162575
-0.169492
-0.165215
1.07499
1.62618
2.72847
1.42447
1.07566
0.729449
0.790167
0.301084
-2.18165
2.0384
1.42315
-0.67708
0.326914
-0.674811
-0.244743
-0.23695
-1.33985
-0.180746
-1.41208
-1.43069
-0.480488
1.05892
-0.358777
1.02855
1.1406
0.443167
-0.042576
1.32041
0.655081
0.409787
0.757356
0.842039
0.175804
1.05305
0.415732
0.429588
0.397907
0.171728
0.719424
0.440726
0.425334
0.321297
-0.606089
-0.558902
1.31679
-0.295449
-0.939547
1.19043
-0.452358
1.0003
-0.49251
0.475236
0.430572
-0.913594
0.837571
0.705633
-1.08825
0.761081
-0.120157
1.82171
-0.0218467
-1.24539
0.319965
1.88588
1.15114
1.34874
-0.560995
-0.254404
0.351511
-1.28242
0.654526
-0.467306
0.576912
-0.681098
-1.6945
0.767513
1.26095
0.784298
-0.296148
0.14602
0.568614
0.477894
0.0274396
1.00931
0.106837
0.224972
0.857615
-0.37803
-0.312764
1.72386
0.35364
-1.01335
1.46457
0.949636
-0.406949
0.854848
-0.874805
1.30048
0.790775
0.848884
0.746964
0.805946
1.39746
1.03398
1.28155
-1.01167
0.289932
-0.309118
-1.63031
-1.21442
0.752621
-0.940328
1.87358
0.834095
-1.22036
1.16481
2.06075
-1.29766
0.361917
-1.14182
1.47453
-0.166371
0.939702
0.555343
0.701801
1.80716
-0.134411
0.904198
0.122039
-0.298584
2.13891
1.12602
1.19509
-0.594531
0.112059
-1.03323
0.509615
-1.38936
0.468187
-0.644113
0.385227
2.11252
0.250393
0.412591
-0.422104
-1.30052
-2.01805
1.07885
0.654046
0.772692
1.73967
-0.144872
-0.115486
3.53586
-0.839881
-0.396022
0.909961
-0.996709
-2.21365
-1.50943
0.123163
-0.974832
0.048664
0.348779
0.0865881
-1.12015
0.896914
-1.27133
-1.23829
-1.29715
0.402767
0.375988
0.419924
0.353819
0.903694
-0.34236
0.075486
0.114195
-0.440897
-1.47847
1.41827
1.34071
1.45233
0.974748
0.631844
0.361315
0.601671
0.41813
-1.90532
-0.230261
-0.185315
0.0455925
0.855957
-1.50301
-0.127861
-0.8641
-1.86046
-1.17899
-0.958426
-1.61529
-0.0607325
1.94132
0.553215
-0.0117839
1.61129
1.33632
0.265967
0.931998
0.141586
-0.75401
-0.708749
1.76103
0.489883
0.48412
1.89492
-0.223823
1.02549
-0.318956
1.50392
1.03098
-0.831984
-0.855239
-1.12412
-1.03137
1.00941
-0.230478
0.543374
0.73692
-0.0637856
0.389532
-0.36566
-1.9319
-0.74918
0.0422589
0.990856
-0.439296
-1.42827
-1.11907
-0.445655
-0.0204267
-0.849349
-1.88866
-0.521971
0.198165
-0.62171
0.372855
-0.723169
-0.0319726
-0.754212
-1.83493
-0.88529
-1.06431
0.801824
-1.82261
0.218773
0.440832
0.360192
0.62396
-1.34448
-1.25306
0.833909
-0.95916
-1.30407
-0.452775
-0.528528
1.83503
1.14409
-0.61376
-0.480625
1.32649
-0.317629
-0.815067
2.34855
-0.223627
-0.103511
0.930326
-0.791269
1.24168
0.825545
1.77454
-0.600864
1.40037
2.33159
1.29339
0.962925
-0.473315
0.778267
0.462874
-1.03805
-0.380274
0.580935
0.619076
0.0957446
0.962192
-0.517027
0.670726
-0.205654
-1.40818
-1.59028
0.646161
-0.30082
0.274877
1.10767
0.386868
0.148594
-0.0496954
-0.669116
0.276665
-1.02572
-0.125412
1.73979
1.00509
-0.490476
-2.04926
-1.28567
-1.12322
1.28086
-0.562575
0.544504
-1.06482
0.230846
2.15571
1.4794
0.492336
-0.358246
-0.918583
-1.81975
1.74358
0.829667
0.549846
-0.15036
-0.613828
0.298167
1.54023
-2.47633
-2.42855
-0.201123
-0.639322
-1.64422
0.192539
-0.00770936
-1.50488
-0.555069
0.609229
-1.64753
1.00416
1.36964
1.83038
0.496705
0.373267
0.425166
1.7307
0.409008
0.222142
-0.00304392
1.19914
-0.333064
-0.210824
1.12583
-0.50244
0.456843
0.208304
0.94293
-0.655662
0.272293
0.111347
1.43111
-0.793207
-0.602207
0.0904187
-0.257442
0.0113652
-1.30624
-0.550453
-0.820378
1.41353
0.806995
2.27448
-0.0568796
1.29566
-0.782155
-1.62475
-0.704379
0.497754
-0.857884
-0.460503
-0.254027
0.487523
0.411928
1.20507
-0.811976
0.190144
-1.27275
-0.477189
-0.107131
-0.548973
-0.265474
1.88132
0.37074
0.471758
0.24438
-0.105238
-0.167953
-0.320563
-1.75908
1.42879
1.07955
0.0361001
0.823289
0.962104
0.764002
0.0268989
0.685622
0.677529
0.645474
0.65548
1.12404
0.592304
-0.0294785
0.742436
1.06804
1.42898
0.50022
0.00104162
-0.10571
-0.069071
0.106263
1.84927
1.48449
-0.368381
-0.777578
0.641534
0.404048
1.25822
0.480736
-0.153147
0.654742
-1.41028
0.120454
1.38505
-0.271075
1.18264
0.999484
-0.380008
1.88712
0.318942
-0.320118
0.272656
-0.203309
1.37291
0.0241431
-0.738547
2.17511
-0.825125
-0.0785258
1.73216
1.00359
0.157605
1.53254
-0.446241
0.026747
0.0406244
0.0840622
-0.180072
0.184555
0.883812
0.290656
1.50054
1.07685
0.377849
0.665317
2.078
-0.0458467
-0.133157
-1.83902
-0.226937
-0.669842
2.19012
2.1746
1.24264
0.475643
-1.30398
2.13458
1.05526
2.02363
2.01045
0.500484
0.661175
0.955989
-0.536364
-1.04674
0.080109
0.765355
1.78348
0.247077
-0.32701
0.567824
-0.897135
0.325561
0.356861
0.472202
0.828448
0.663145
0.0294738
0.220083
1.79183
1.8522
1.57194
0.850032
0.626068
0.770671
-0.386036
1.01618
1.34692
1.63717
-0.133791
1.50469
0.769725
2.12529
0.859096
2.72122
1.03324
-0.395355
-1.45909
-0.2625
0.108888
-0.663087
0.571587
0.75906
1.57711
-2.1351
-1.66629
0.338251
1.04579
1.25711
0.832946
1.36019
0.618463
0.0865717
1.86808
1.32018
-0.437894
0.500032
0.411017
1.14994
0.270964
0.350746
0.232477
0.299589
-0.171673
-0.426523
-2.46329
-2.05091
-1.97622
0.767466
1.50859
-0.992034
-1.23232
0.288164
-1.31768
-0.895471
-0.19446
0.368201
0.740598
1.19093
-1.10683
-0.451739
-1.71829
1.50092
1.19087
0.931216
-0.38503
-0.116243
0.0347573
-1.29212
-0.0237434
-0.618016
0.225402
-0.408995
0.775872
0.300459
1.14125
1.07689
-1.10427
-0.309225
-1.4488
-0.725665
-0.0845965
-1.1114
-1.40573
-1.37179
1.13638
-0.289197
-0.950353
-2.22194
0.194679
-0.795426
-0.724698
-0.222874
0.2312
0.0216802
-0.0658787
-0.611394
0.0675879
1.03452
-0.859061
0.235396
0.627312
-0.374359
1.55861
0.615189
0.688554
0.765779
1.07751
0.23966
-0.0454816
0.457139
0.956359
0.401869
1.08058
-0.249157
-0.426982
0.207553
1.05615
0.396306
-2.78279
-0.370423
-2.09654
-0.930576
-0.459373
0.242257
0.342958
-0.857484
-0.875006
0.367451
-0.131825
-2.20828
-0.509735
0.467044
-0.27606
0.829059
1.81166
0.0736529
1.97146
0.441571
1.48538
-0.2116
-0.462563
-1.28596
-0.619542
-1.90733
0.771375
0.846502
0.454414
0.54738
0.751784
-0.661012
0.122247
1.52341
0.0798754
0.427298
-1.64588
1.90386
0.853804
0.737962
1.24736
-0.312867
-1.41156
-0.08319
0.194733
0.585642
0.919825
-0.975363
-0.694899
-0.535544
-0.0218221
-1.7343
1.26326
-0.291613
0.928099
0.15863
0.986792
0.29994
0.875092
-0.40702
-0.914641
0.670811
1.08329
-0.25848
-0.0326935
0.176675
0.949203
0.033594
0.974215
-0.132185
0.59234
-1.55357
-0.869364
-0.623531
-0.412245
-0.514444
-0.933506
0.0245806
