0.258249
-0.221342
0.613716
-0.353152
0.107224
-1.06262
-0.255981
0.04854
-1.04156
-0.636633
-0.51354
-0.370605
-0.285446
-1.17022
-0.0590859
0.0529083
-0.0330563
-0.928093
-0.443374
-0.0926434
0.461142
0.46805
0.136072
-1.01411
-1.20031
0.758612
-1.41639
-1.80754
-1.28148
-0.137384
-1.32258
-0.451016
-0.965316
-0.129756
0.793378
-1.28061
-0.918486
-1.15722
0.0870438
-0.471345
-0.534862
0.475401
-0.0629927
-0.423775
0.299469
-1.10771
-0.565279
-0.417986
-0.669038
-1.80145
-0.766356
-0.500528
-1.38095
-0.431625
-0.0452542
0.2272
-1.44375
-1.50742
-0.483152
0.617815
2.03188
0.818706
-0.885432
1.2712
1.42787
-0.328006
1.24144
-0.284306
0.41601
0.358328
-0.348941
0.378572
-0.460087
-0.210263
0.362143
1.44823
-0.34298
-1.70821
1.28852
-0.616785
-1.49603
-0.715937
-0.673915
-0.0492081
-0.119632
-0.604021
0.0275561
1.128
0.976874
1.36566
-0.397319
2.03733
1.70236
1.49154
-1.91102
-0.347007
-0.454871
0.312571
-0.0792364
-2.01123
-2.13832
-0.700647
-0.680803
-0.513334
-1.56701
-1.20711
0.415216
-0.930646
-0.730382
1.03251
0.092073
1.42213
-0.377843
-0.283437
-1.07282
-1.829
-1.07276
-0.0824425
-1.77375
0.620196
-1.30741
0.369136
1.03102
-0.367697
0.344101
-2.3254
0.760408
-0.994461
0.918774
1.3467
1.42769
1.42163
0.257234
0.455105
0.656913
-0.136057
-0.465087
0.351794
-0.324337
0.513261
0.694726
0.639711
-0.30559
-1.55103
-1.18959
-1.85002
-1.46084
-2.00727
-1.15982
0.816383
0.619966
-0.396249
-1.37146
0.160967
-1.05771
-0.338368
0.269732
-0.809982
-0.342007
-0.706966
0.379864
-1.03222
-1.31353
0.281757
1.24627
2.50485
0.0655035
-1.14973
-1.375
1.22536
0.112105
0.0622447
-0.930523
-0.755182
-1.10489
1.00042
0.690892
0.410543
0.569339
1.47726
-0.236951
-0.60072
1.74432
-0.339002
-0.0218226
-0.183397
-0.25086
-0.893571
-1.3939
-0.400631
-1.41543
-0.758895
-0.716881
-0.975763
-0.613306
0.0279614
-0.492905
1.13163
-0.976528
-0.0295703
-0.535844
0.98173
-0.966171
-2.28501
-0.734686
0.0954168
-1.05701
-1.02909
-0.853764
-0.438792
-1.68313
-0.399495
-0.643822
-0.598957
0.119191
-0.434002
-0.335917
-1.73701
-0.477653
0.0703108
-1.03842
-0.908013
0.435208
0.167471
-0.979076
-1.16418
-1.12167
-1.01564
-1.41476
-0.790452
-0.655851
-0.643492
-1.55009
-0.0574613
-0.684137
-0.927534
-1.63106
-1.38568
-0.82929
0.681166
1.63794
0.470159
0.497769
2.55556
2.36407
-0.0735272
0.662038
-0.736414
1.37519
-0.0893241
0.645233
-0.245287
-0.440332
-2.7967
-0.126827
1.13065
1.03031
-2.45522
-1.31716
-1.49964
-0.237112
-0.629835
0.825454
0.010311
0.121668
0.881401
1.05961
0.496028
0.660023
1.2384
1.74708
2.43475
1.93577
1.19847
-1.37556
-0.132733
-0.576927
0.436318
-0.416916
-0.545759
-1.67229
-1.56181
-1.3217
-1.80867
-1.77905
-1.07562
0.633739
-0.403758
-0.417207
-0.278832
1.14065
1.04125
-0.596654
-1.03365
-1.13676
-0.564914
-0.763908
-0.00668874
-1.99716
0.567209
-2.05566
-1.04951
0.636626
-0.525196
0.42252
-1.71599
-1.07123
-0.357901
0.0298136
0.445131
0.699355
1.68225
0.505305
2.4295
0.935918
-1.64648
-0.945448
-1.4442
-1.07779
1.13866
-0.645874
-0.433957
-0.476661
-0.623644
-0.759668
-1.09753
-0.989863
-1.77769
0.0103675
0.202612
-0.0104948
0.532775
-1.33544
-1.24765
-1.1918
-0.394009
-0.236978
-1.09979
-0.66666
-1.35778
0.432225
-1.4852
-0.346352
0.711346
2.64735
0.860371
-0.48021
-1.17084
0.27735
1.72992
0.0327092
1.08995
-1.84466
-2.02162
-0.540077
0.697038
0.971193
0.687491
1.71784
0.313019
-0.0983142
0.396038
0.900314
2.58687
0.0754222
-0.468057
0.398903
-2.15387
-1.17216
-1.15063
-1.39487
-0.875846
3.23427
2.79291
-0.939159
2.00035
2.79846
-0.505658
1.37351
1.98699
-0.54871
-0.825187
-1.28368
0.281536
-0.768264
-0.432307
-0.286984
0.920183
0.121206
1.42645
0.955473
0.535231
0.330979
-0.459638
-0.298844
-2.25883
-0.969071
-1.22155
0.837992
1.76369
0.633877
-1.0749
-1.20432
-1.52693
-1.24963
1.62087
-0.628574
0.802885
-0.159734
0.0897389
0.216949
-1.53379
0.683654
-0.310508
-0.205713
-0.783329
-1.99198
-0.567109
-2.71903
-0.781123
0.928497
1.82621
-1.43795
-0.364495
-0.329899
-1.82068
-0.744882
-1.41465
1.1337
0.168584
-1.19428
-1.88206
-0.353162
-0.728076
-2.02468
-0.505534
-2.36576
-0.609294
-0.0957778
-1.00284
-0.136794
0.795666
-0.428456
-0.805875
-0.900972
0.489449
-1.46581
1.05245
-0.843064
-1.88431
-1.00644
0.22349
0.174605
-0.793033
-0.104221
-0.321014
-1.93423
0.0142654
-1.01085
-0.382533
0.570477
1.1857
-0.52246
-1.10658
-0.575085
-0.928091
0.339117
-0.442773
-0.495425
-1.09319
-0.0448025
-0.891866
-0.875411
-0.486767
0.129147
-0.320939
-2.00406
-0.00478311
-1.64226
-1.62821
1.5888
1.08284
-0.0333029
-0.125925
0.310835
-0.170727
-0.9599
1.8308
0.405206
0.721809
0.246263
-0.927527
-0.892907
-1.06357
-0.0762644
0.101793
-0.672921
-1.13352
-0.57714
-2.07188
-0.867295
-0.98747
0.213197
-0.868166
-0.432517
0.210821
-1.5216
-0.793468
-0.603037
-0.252526
-0.793393
-0.354751
-0.350092
-0.278726
0.439835
-2.98506
-1.08262
-2.13614
-0.256385
-0.933385
0.0997035
-0.514614
-0.821198
-1.61557
-0.765425
-0.712376
-1.38294
-0.304795
0.0553171
-0.452566
-1.64107
-1.81114
-0.606405
-0.53543
-1.42171
-1.41287
-1.54716
0.496512
-1.02054
0.479902
-0.594604
-1.80466
-1.51125
0.483001
0.205359
0.156941
0.314567
-1.07474
-1.84755
0.563335
-0.341146
-1.13742
0.196338
-1.1173
-0.483053
-0.772522
-0.614914
-0.273329
0.0562207
-0.870163
-1.45019
-0.643754
-0.432002
0.607144
-2.20622
-1.59147
0.580864
1.01467
-0.0560143
-1.04215
-0.704145
-1.35503
-1.44917
0.976116
-0.745535
0.0009966
-0.558642
-1.42321
-0.926462
-2.34076
0.292189
0.682239
0.315412
-1.01776
0.534712
1.84168
-0.724145
-0.147676
1.58761
-0.611082
-0.510448
0.0143289
0.408774
0.175654
-0.985385
-1.16958
-1.46733
0.14254
1.30304
0.111943
-0.729289
-0.950604
-0.811482
-1.73722
-1.34177
0.651105
-1.28352
-1.44484
-1.44715
-1.97329
-0.236763
1.24272
-0.474657
-0.0974855
0.109541
0.353199
0.150959
-1.47506
-0.595705
0.267691
-0.79917
-1.49012
-0.303976
-1.23545
-0.261496
-0.625272
-0.174536
-0.607609
-0.363453
-2.55671
0.645424
-1.99
-0.780646
-0.252578
-0.925618
-1.6925
1.45187
0.65945
-0.570947
-1.33441
2.58084
-0.0600001
0.559533
1.07909
2.6228
-0.297751
-0.245426
1.55524
0.363276
0.1466
0.0471355
1.60056
0.440839
0.0283259
-1.43803
-0.962239
-0.242898
-1.05515
0.0472333
-1.35025
0.656501
-1.62516
0.185271
-0.31033
-0.820201
-1.89359
0.74141
-1.07888
-1.17126
-0.677188
-0.404768
-0.29586
-0.242704
-1.22336
-1.32553
-1.54069
-1.10856
-1.69803
0.218596
-0.234074
-1.78286
0.811236
-0.138008
-0.732574
-2.10455
0.403295
0.98152
-0.522665
0.72631
-0.0252424
0.773611
-0.426316
-0.431778
-0.143451
0.988572
-0.66573
-0.0363364
-1.3279
-0.276531
-0.0827794
-1.68907
1.83804
0.577726
-0.0286539
0.645636
0.485185
-0.926881
-0.525933
-0.00389669
0.480431
0.0668319
0.0803028
-0.0240802
-0.103206
0.641136
-0.273548
0.388419
0.0866913
