-0.876367
0.28681
-1.48026
-0.589327
-0.863612
0.25508
0.0193728
2.13689
3.07611
2.37778
2.22365
1.87536
0.135532
-0.0634266
-0.39439
0.643288
0.744847
0.591585
0.378753
-0.498077
-1.12585
-1.95234
-1.6212
-0.513364
2.93673
1.01483
0.0478889
2.02754
-0.0545946
-1.27949
1.39002
0.155805
0.103219
-1.17351
-1.76585
1.89889
1.81223
1.75353
1.12856
1.92978
2.2217
1.97329
1.15167
1.88563
0.923086
1.48177
2.83477
1.14457
1.71946
2.13326
3.2649
2.49425
3.04263
2.75062
2.46798
1.568
2.51003
1.99307
0.904908
-0.0723857
-1.65939
-0.451416
0.731411
-1.44413
-1.03123
-0.301435
-1.55677
0.500638
0.505877
0.816298
1.23673
-1.79384
0.863263
1.20088
0.469994
-2.19947
-1.14577
1.44015
-0.126037
1.31244
1.32261
0.398721
1.68748
0.464965
-0.708501
0.421273
0.324285
-1.99417
-1.90698
-2.83354
-0.827716
-2.67706
-2.86315
-2.84894
1.05454
1.5974
1.50378
-0.00510214
1.17892
3.75415
4.13479
3.19004
-0.537321
1.91774
4.04837
1.07103
-1.94063
2.82105
1.19221
-2.1072
0.790956
-1.81294
2.47302
2.55335
3.54988
3.53059
2.70045
-0.988291
0.783458
-1.46386
1.25551
-2.14519
-2.27687
-0.885042
-0.0895926
2.33829
-2.015
0.276156
-1.71258
-3.99978
-2.26601
-2.08023
-2.33987
-2.14008
-2.77719
-0.618464
-0.807237
-0.616803
-0.355054
-1.04941
-0.618824
0.632213
-0.278293
0.915712
-0.17236
1.67842
3.19694
3.907
0.548444
-1.14103
-1.6468
0.70051
2.24936
-0.361719
0.990106
-0.446714
0.369866
0.716867
-0.621165
1.90996
-2.20187
-0.745865
1.07591
-0.486612
-1.5477
-2.40705
-1.21027
2.35987
3.10558
-1.57496
-1.77663
-0.822553
-0.792583
-1.45818
0.889849
-3.67581
-2.12922
-2.39168
0.196736
-0.264531
-0.745857
1.18435
-1.36911
-0.723719
-0.887956
-0.139336
0.597121
2.908
3.36324
1.53706
2.21195
1.54892
0.399362
-0.177946
-0.38687
0.920456
0.817735
-1.86638
-0.349289
-1.65186
-1.06814
-2.25739
1.06832
1.20816
0.327678
0.910092
-0.199966
1.18627
-1.14133
-0.916573
1.9852
0.778466
0.805455
-0.3868
-1.14074
1.28598
2.12006
1.90703
1.34658
2.11423
1.79564
2.72835
1.55935
1.35141
1.90966
1.10469
3.63257
2.35528
2.22141
0.891006
2.88017
3.20072
3.52197
2.53732
2.6943
2.81485
2.05977
1.75629
1.72058
0.607301
-0.76604
1.19067
0.479752
-1.14605
-1.1673
0.441095
-0.540164
0.58764
0.665182
0.87333
1.32566
-0.875797
0.695046
2.99704
1.19873
-2.29426
-2.25109
1.71476
1.92214
1.73787
0.728048
0.768978
0.0691145
1.59899
-0.378418
0.341514
0.339665
-1.28115
-2.01698
-2.10118
-2.60414
-2.53306
-2.20151
-1.35894
0.970067
2.11338
1.1271
-0.840452
1.21338
2.06903
4.59557
3.88102
-0.450034
2.59934
3.75674
1.11306
-1.58781
2.74621
0.956468
-1.24403
-0.833238
-1.42923
2.24523
2.99971
4.08301
2.58945
2.40564
-0.67449
0.984481
-1.24889
2.62889
-0.61258
-0.879006
-0.776799
-0.36701
1.66679
-0.0818077
0.75218
-0.011535
-2.98226
-2.0594
-3.43993
-2.30597
-4.21617
-2.50094
0.656959
-1.04239
1.46419
0.799035
-2.0203
-0.778308
0.417834
-0.342286
-0.446494
0.244908
1.53555
2.7039
2.28967
-1.32623
-0.699118
-0.228188
0.654292
2.03192
1.21087
1.2856
-1.08258
0.616866
0.393462
-0.329964
1.70064
-1.73548
0.0653746
0.744131
-1.41488
-2.9391
-0.795551
-0.573087
2.89047
2.04708
-2.63076
-1.04113
-2.22945
0.540905
0.769786
0.710206
-2.35966
-2.41479
-2.32635
0.366103
0.73071
-0.101179
0.00152171
-0.899751
-0.633556
0.199277
1.15008
0.806981
2.6176
1.85021
1.70148
1.10976
0.527133
-3.4019
-2.18359
1.65583
-1.56415
-3.52698
1.74347
-0.551647
-2.89137
0.933988
0.420336
-0.110228
-0.689256
-0.696314
-0.643333
-0.933132
-1.75221
-0.821388
-1.91398
-1.06479
0.657528
-0.546897
-0.883708
-0.0374222
1.75525
0.0860517
1.32077
-0.25429
-2.0126
-0.822944
1.5189
1.75155
0.770824
0.233568
-0.815355
0.885514
-0.386916
1.14254
0.742316
-0.443211
1.91573
0.109946
0.487502
1.22509
1.08002
1.06166
1.21389
3.09216
0.302304
0.902235
0.557951
2.05
-0.68729
0.385087
0.938453
0.729875
0.956125
-0.378593
0.667687
1.62382
2.19751
-1.45682
1.42678
1.86673
0.17937
2.63379
-1.13256
-0.0894918
2.07448
0.0370169
1.60545
-0.0178777
0.606423
1.15649
-0.257455
1.66676
-0.752684
1.44502
2.25609
2.22776
2.3762
-0.50278
1.16956
1.60506
-0.116649
1.21318
-0.69509
-0.381408
0.307522
-1.28029
-0.677726
-0.0501498
0.184417
0.565627
-0.044091
1.13024
0.770033
0.28774
0.292853
0.663555
0.951739
-0.140616
2.25866
1.75082
0.979836
2.84337
0.872349
3.12079
3.14013
-0.722662
-1.04226
-0.0256037
0.227888
1.24204
0.792803
1.6203
-1.25214
-1.07117
-0.936942
0.511971
1.05379
1.42228
0.445531
0.355796
0.810021
-0.191895
0.792011
-0.722845
3.53936
0.677133
1.24962
0.779205
2.85293
0.230901
-0.0413508
1.66801
2.6842
2.07233
0.676953
0.75535
1.7342
1.55352
0.735902
0.222618
3.77439
0.998418
2.70981
0.426699
1.98557
0.0505378
1.71737
1.58824
1.1261
0.95
1.11807
1.75559
0.222149
-1.27021
-0.346174
1.05563
1.76172
1.36504
-0.401239
0.439319
1.76398
1.50721
-0.263574
-0.51006
-1.00745
0.282345
2.60615
2.58255
-0.399033
0.768995
-0.342677
-0.0699546
1.32853
1.7131
0.316084
-0.635845
0.69702
-0.693561
-0.0331875
0.762292
1.28053
1.01996
0.234379
-0.411292
1.4293
1.31002
1.10365
1.43399
1.06813
1.46591
1.35582
-1.43762
-1.54733
0.560739
-0.675564
0.762047
0.896887
0.478213
-1.38429
0.333656
-1.22045
-0.844604
0.772724
-0.313858
2.20019
-1.19986
-0.928559
-0.272448
-0.132607
-0.69983
-1.1911
0.263375
-0.564524
-2.00548
0.414473
-0.182705
-1.16154
-0.36589
-0.608418
1.6225
1.71984
2.20848
-0.402493
-1.22418
0.128374
0.320234
0.614916
1.11328
0.692191
0.33046
-1.49703
1.85475
1.43957
0.0359928
1.72877
0.108581
-1.42083
1.04405
0.370706
0.908437
0.594253
0.465458
0.687215
-0.405424
-0.485852
-0.903596
0.924658
0.17596
0.451751
2.47655
0.846217
2.38497
2.71996
2.75692
3.5689
0.191659
2.81749
3.07108
2.19767
2.48939
2.28436
-0.777051
-0.720686
1.4022
2.64014
-2.29737
0.0725236
-0.433847
-0.309499
-2.56392
0.0693876
-1.85958
-2.27569
-0.871085
-0.0844116
-2.13118
-2.73359
-0.695458
0.906121
1.71255
1.9004
1.25493
1.5012
-0.848484
1.00078
-1.20033
2.24945
-0.473884
0.869565
0.523781
2.07372
0.241891
1.27318
1.14078
1.24038
0.913978
-0.305652
-0.664843
0.261547
1.45089
0.647692
1.59269
1.95449
-0.821705
0.10388
0.967974
-1.91783
-0.117613
1.50378
2.14495
0.0253595
-0.347978
-0.438753
0.683353
0.837547
0.0142219
1.01203
2.636
0.335585
-0.333295
1.96883
2.66434
1.04428
0.655577
0.123324
1.83869
-0.538751
-0.692325
-0.335923
-0.546913
0.81007
1.79042
1.09765
1.32086
1.46229
2.11978
0.644039
0.564546
1.64678
0.36623
2.54782
-0.421042
1.87154
