-0.751593
-1.61689
1.11055
-0.68616
-0.361751
-0.45359
-0.319889
0.46075
1.99989
1.36501
1.83946
1.81833
0.162197
1.78115
0.896809
0.369598
1.38835
0.239159
0.446254
-1.04039
-1.74922
-1.20063
-1.00635
0.473771
1.47754
1.61253
0.904257
0.623886
1.71743
1.41954
1.02653
1.69524
2.81366
1.20172
1.02616
-0.713398
-1.67202
0.836715
-0.300263
-0.726272
-0.0462961
1.30868
-0.61715
0.633292
1.06334
0.360493
1.68635
0.311931
-0.380605
-0.0712522
0.961853
0.283987
1.61968
1.00171
0.864282
0.171929
-0.584199
0.160426
-0.877343
-1.15365
-1.19698
0.878319
1.34046
-1.1107
0.549221
-1.05539
1.75911
1.84757
-0.450201
2.2747
1.72112
0.165651
2.45601
0.977137
1.43412
0.284121
0.270394
1.58819
3.01719
2.52692
2.12169
0.791745
1.56228
1.42593
1.35382
0.737207
1.08757
0.290035
-0.325478
-0.552461
0.181356
-1.02435
-0.745795
-0.89321
1.9811
0.580734
2.49586
1.11672
0.14591
-0.0161358
1.49276
0.55212
0.352104
1.1935
0.77647
-0.625509
-0.767991
-0.919395
0.263311
-2.20468
1.44874
-2.22552
-1.04451
-0.918917
-0.0160919
2.17125
0.777854
-1.35504
0.462871
-1.49757
-0.94144
-2.56101
-0.0208371
0.134324
0.601703
-1.16483
-1.13537
0.015871
-0.164793
-0.452221
-1.3549
-1.2403
0.235119
-2.01946
-1.9983
-1.39619
-0.507295
-0.643602
0.408558
-0.0807277
1.99672
0.776156
0.237822
1.60587
1.76946
-0.014599
0.731899
-0.44132
0.810884
3.21804
1.49584
0.855231
-0.221387
-0.954237
-0.266424
-1.9161
-1.42765
-0.361844
-0.285968
-0.372678
0.340351
0.238457
-0.268501
-0.393522
0.808516
-1.11883
-1.11908
1.50761
-0.883678
0.890838
0.79187
-3.16262
0.256859
0.916955
0.552855
-1.02285
0.200252
-2.0163
-0.397713
-0.254741
-0.320891
-0.87231
1.40686
-0.404059
-0.546046
-1.62979
-1.05254
-0.042094
2.1113
0.859631
1.25934
0.963237
-0.357501
2.64635
0.0738708
-0.102222
1.19839
0.160465
-0.391438
-0.721132
-1.39098
-0.206451
-2.28759
0.603875
1.20531
1.49363
1.18184
2.32068
3.12343
2.41361
0.860647
2.38076
3.39413
1.98685
2.33876
-0.540104
-1.07584
0.363028
-0.786404
0.694394
-0.833187
0.852833
-0.090255
0.259529
1.71737
0.86534
2.09499
0.649798
0.392923
0.571794
0.399402
0.452972
1.94106
0.795996
0.194115
-0.360708
-0.271198
1.60897
-0.289246
-0.0449164
-0.137292
1.29849
2.11831
-0.708865
0.600153
0.362012
2.15381
1.57735
0.286074
1.4176
1.78032
1.07738
2.4201
1.50254
0.612319
0.450988
0.936688
1.09786
3.17613
3.20473
3.34992
2.72575
2.47891
2.44927
1.85251
0.99485
0.379635
-0.0229441
-0.843565
0.237603
-0.778629
0.415643
-0.689585
0.439879
2.11635
1.1691
1.2474
0.70687
0.0672519
-0.408388
0.659098
-0.172885
-1.11732
1.65753
0.91625
0.123229
-0.491007
0.372757
0.271758
-1.95403
0.75876
-1.31304
-0.0562786
-1.12535
-0.525386
1.45732
0.28606
-1.72714
0.436896
-0.848527
0.95111
-1.68043
0.10926
0.711699
0.798522
-0.103631
-0.736257
0.622333
-0.0487424
0.221809
-1.08749
-0.722824
0.715321
-0.710074
-0.736852
-0.855576
-0.253089
-0.804868
1.97702
0.555234
-0.230837
0.27314
-0.784678
1.92529
2.66337
1.26498
0.909455
0.472111
2.17681
2.63634
2.17381
0.801969
-0.59535
-0.0154963
0.0719306
-1.62072
-0.50409
-1.01133
-2.06318
-0.445947
1.52132
1.5926
0.153563
0.437079
0.320534
-1.2614
-1.10007
0.432324
-0.493129
0.23049
2.07349
-2.02316
0.360149
0.819391
0.394755
-0.352784
0.0316772
-1.74555
0.324651
0.658739
0.43589
0.112239
0.19389
1.16471
1.36539
-1.15661
-0.859365
-0.522781
-1.05251
-0.831662
-1.73968
0.0682659
-0.161803
-0.525795
-1.49705
0.0133835
-0.492789
-1.34978
-0.417176
-1.51855
-0.24349
-0.804045
-1.65444
-1.81083
-1.18858
0.0889935
-1.4858
-1.32742
0.315547
-0.263832
-1.30669
0.949405
0.608697
-1.82134
-0.419306
0.271921
-0.585078
-0.548387
-0.957297
-0.782966
0.636013
-0.746968
-0.284068
0.24265
-0.355527
1.5796
-0.67693
-0.754153
-0.722886
-0.157085
-0.985714
-0.847503
1.18937
-1.03341
0.604142
1.18136
0.856363
-0.544451
0.811907
1.05039
-0.742117
-0.951633
0.343126
-2.12509
-2.25391
-0.63716
-1.49328
0.438564
-0.144771
-0.0815575
-1.3642
-1.09089
-2.12075
-1.46794
-1.09278
0.162949
-0.568666
-2.43943
0.957139
-0.740911
0.288111
-1.12233
-0.154053
-0.821441
0.0948511
-0.331529
-0.360108
-2.11932
-1.15097
-0.529897
0.989873
0.805814
-1.16665
-0.343565
-1.98813
0.875195
-0.815229
-2.20626
-0.0927272
-1.02123
-0.558719
0.261916
-1.64139
-0.121739
-0.432771
0.612568
-0.286231
-0.392256
-0.584668
-1.39996
-0.0113471
-0.0611259
-0.835509
0.180492
0.190284
-0.603257
-0.703007
0.37927
0.514122
1.09078
0.285703
-0.0416015
-0.0126132
-1.43602
-1.45211
-1.82245
-0.318438
0.708848
1.22956
1.77552
1.23595
-1.16248
-2.23549
-0.373942
-0.753833
-0.727586
-0.818385
-1.38747
-2.15328
0.714939
-0.640231
0.711417
0.109567
-0.298573
-1.30167
-0.385503
-0.644835
-0.0432585
-0.78205
0.387733
-1.05682
-0.0277612
-0.731552
0.0794024
0.179519
0.701693
-0.315877
0.460725
-0.885652
0.105579
0.314897
-0.189279
-1.8242
-1.2097
-1.17984
-1.80019
-2.15539
-2.11234
-2.02307
-0.779597
-1.59433
-0.0306094
0.409963
-1.95559
-1.72359
-0.964293
-1.70126
1.14414
0.3529
-0.578832
1.14426
1.18041
-0.327275
-0.846286
-1.43625
1.05532
1.70297
-0.604197
-1.73089
-1.29109
-0.453311
-1.71702
-1.08016
-0.806379
0.54959
0.610909
0.550049
-1.05259
-1.12189
-1.50218
-0.608442
-0.143816
-1.02446
-2.07757
-1.50341
-0.08925
1.79349
1.23226
-1.59458
-2.44284
-1.32299
0.334219
-1.33891
-1.10944
-0.916012
-1.3262
-0.359771
1.1552
-1.03604
0.884526
-1.13088
0.199153
-1.42164
-1.51084
-0.695948
-1.0879
-1.68809
-0.791544
-1.55161
-1.35308
0.09256
-0.536025
-0.538392
-2.30367
-1.09424
-0.679969
-0.87994
-0.732507
0.746965
0.090074
-0.0844803
-0.607313
0.08956
0.946909
0.650652
-1.38573
-0.454313
-0.965076
-1.64479
-0.0511295
0.621773
-0.0789313
-0.837411
-0.758542
-1.49048
-0.0892028
-0.457771
-0.231298
-0.78626
0.685114
-1.53381
0.789142
-0.824647
-0.844082
0.421844
-0.0568572
0.128413
0.856869
0.946877
1.96379
-0.680561
0.516542
1.21364
0.0182201
0.415155
0.0951762
0.25495
-0.54532
-0.339337
-0.962475
-0.181027
0.470025
1.0118
-0.35003
0.0156103
-1.30345
-2.79701
-1.18185
-0.0480437
-0.977359
-2.28117
-0.140313
-0.451582
-0.942329
-0.298819
0.182316
-0.176257
0.150579
-0.0906486
-0.106905
-0.836039
1.37036
-0.12598
0.03932
-0.812977
0.54195
-0.302733
-0.27088
-1.21315
-2.1198
1.0859
0.710575
-0.155858
-1.75337
-1.98766
-1.33937
-0.645766
-1.35265
-1.84073
-0.338225
-1.81325
-0.455321
-1.46356
-0.873199
-0.946827
-1.90845
-0.638148
-0.350132
-0.172804
0.380808
0.546722
-0.509722
0.876467
-0.68635
0.369095
1.0515
0.648248
-1.64975
-2.25517
1.3878
0.83733
0.118069
-0.0254563
-1.01293
-0.648534
-0.165035
-1.70792
-1.39634
-1.43558
-0.14384
0.158448
1.31406
0.143938
-1.95165
-1.1716
0.142623
-1.26122
-0.26272
