-0.545442
0.535359
-0.297291
0.11659
-0.149115
1.12931
-0.198523
-0.160255
0.897116
0.638507
0.944421
0.414506
0.245279
1.05548
-0.0199054
0.185828
0.0513473
0.985247
0.798225
0.219598
-0.19292
-0.563681
-0.25654
0.602009
1.65422
-0.206083
1.10675
1.5492
0.912275
-0.36298
1.06519
-0.170725
0.8601
-0.221428
-1.08575
1.08986
0.973628
1.01397
0.0761683
0.273161
0.351527
-0.010819
-0.0446999
0.441101
-0.150181
0.983966
0.83294
0.200557
0.554803
1.20968
0.852479
0.561774
1.07235
0.57049
0.168081
-0.130671
0.950833
1.23855
0.180817
-0.830949
-2.25876
-1.3694
1.21632
-1.79796
-2.06865
0.515646
-1.31096
0.0795932
-0.478592
0.1737
0.533864
-1.06344
0.841198
0.431262
-0.0211646
-0.767044
-0.362452
1.24504
-0.680195
0.533055
1.81692
0.436226
0.789322
0.149276
0.265859
0.9011
-0.00874382
-1.352
-1.39429
-1.84402
0.143806
-2.04309
-1.85997
-1.91667
1.63755
0.159991
0.471368
-0.281643
-0.0605626
1.85157
1.91608
0.612955
0.38238
0.559867
1.78886
0.880185
-0.991803
1.13277
1.01265
-1.30003
0.34684
-1.55503
0.759537
0.443973
1.19638
1.95969
1.19299
0.208965
1.85658
-0.48924
1.11956
-0.32054
-1.0922
-0.0983836
-1.01267
2.68279
-0.809478
1.00196
-0.883954
-1.51472
-1.20112
-1.07229
-0.444388
-0.132848
-0.674254
0.293558
0.779413
0.0166508
0.144865
-0.0749452
0.0576027
-0.418274
0.526761
1.271
0.942097
1.97583
1.37983
2.26713
0.907603
-0.661629
-0.792211
0.53859
1.23454
-0.255391
1.09821
0.26386
0.00178272
0.568331
0.0752675
0.648257
-0.724544
0.418768
1.11449
-0.162367
-1.67721
-2.26671
-0.0485659
0.503303
2.04176
-1.36619
-0.57807
0.305693
0.238296
-0.0553376
0.288518
-1.07448
-0.751206
-0.418289
-0.725734
-1.4879
0.0146959
0.126159
-1.58251
0.268359
-0.473927
0.113215
0.142127
0.950706
1.25645
0.433487
1.41669
0.969517
0.428763
0.99406
0.347691
0.244718
0.200553
-1.25887
0.552911
-0.389184
0.338426
-1.06209
0.408438
1.83585
0.731086
0.301247
0.525735
1.22966
0.12831
0.120847
1.40873
0.0558833
0.300093
0.360418
-0.42173
0.0214917
0.54719
1.57566
0.489544
-0.107509
0.652002
1.08662
-0.310702
-0.173986
0.422574
0.68994
1.5744
1.12459
1.10529
0.550546
0.802651
0.90671
1.41981
0.475633
0.777526
0.729436
1.01062
1.15385
0.386602
-0.713673
-1.92403
-0.233147
-0.0856749
-2.49241
-2.16789
0.455717
-0.747745
0.244368
-1.0925
0.385344
-0.248546
-0.295102
0.626204
2.91414
0.714116
-1.15484
-1.39463
1.81048
1.93699
1.16048
0.896005
0.550435
-0.67633
0.243335
-0.312338
-0.679687
-0.800261
-0.231176
-1.02484
-1.51547
-1.8939
-2.82393
-1.90985
-1.39045
1.04943
0.151904
0.0231827
-0.676209
-0.0799855
0.100465
1.80127
1.46831
0.687304
1.35068
1.5298
0.737155
-1.17726
0.730818
0.435805
-0.0116087
-0.782948
-1.38654
0.415005
0.965988
0.886627
0.643643
1.18919
0.306737
2.16648
-0.523662
1.71292
1.03877
-0.431861
-0.0155962
-1.09668
2.22336
1.33843
0.386454
0.0421006
-0.301512
-0.597799
-1.83521
-0.521345
-2.1553
-0.594398
1.37121
1.13458
1.67372
1.0803
-0.91388
0.35488
0.356583
0.548313
0.430264
0.834987
0.946295
0.978495
1.58701
-0.228182
-0.284108
-0.290373
-0.290124
1.00096
1.47368
1.1066
-0.219075
0.248747
0.87751
0.719948
1.02743
-0.742771
0.762207
0.711637
-0.862724
-3.04289
-1.20989
0.202041
0.850514
0.373834
-2.1311
-0.536238
-1.22143
1.30555
1.14587
0.278554
-0.519089
-0.927976
-0.754559
-1.44191
-0.847909
0.253466
-0.387051
-0.673112
-2.38537
-0.59852
0.271665
0.222754
2.20361
1.31481
1.37391
1.52452
1.07688
-3.23816
-2.82633
0.657382
-2.51204
-3.12749
0.794586
-1.64872
-1.9001
-0.156157
0.44047
0.912622
-0.706889
0.670924
0.404406
0.381131
-1.14685
-0.0301201
-1.86375
-1.20636
-0.29607
-0.245526
0.214286
0.208809
1.68623
0.675337
1.39314
-0.574604
-1.94776
-0.359615
0.973468
1.23945
1.66692
1.26168
-1.87397
0.425444
-0.896284
-0.0205008
0.0416227
-0.786916
1.14432
-0.403492
-0.202534
0.33587
0.322926
1.91563
0.493256
2.38919
0.510303
-0.357275
-1.07545
1.15615
-0.174733
0.376063
2.07337
0.924858
1.29075
-0.778319
-0.0335619
1.1053
2.05241
-0.126397
0.576858
1.71919
0.392967
2.28138
0.297877
-0.314169
1.05882
0.132307
-0.356527
0.817022
0.912506
0.29401
-0.721569
1.56436
-0.496443
1.04018
2.05061
0.917666
0.331166
-0.64063
0.671394
0.436722
-0.109052
2.16703
-0.668314
0.260073
0.878807
-0.271729
-0.775822
0.233669
0.672695
0.957422
0.97557
-0.45581
0.727819
0.284033
1.20535
0.244214
0.863437
0.883368
0.727681
-0.601759
0.304738
1.64955
-0.32838
1.49014
1.65259
-1.29252
-1.04095
0.165579
0.272744
-0.270472
0.623914
1.35725
-1.88608
-0.655495
-1.38304
-0.485609
0.853126
1.24332
1.35457
0.322005
0.088386
0.159906
1.31923
0.181673
2.76026
0.913053
1.28713
0.444871
1.03219
0.0832896
-0.41337
1.18848
0.90519
1.11528
0.412212
0.91669
0.282443
0.071851
-0.0866023
-0.786966
2.99467
0.940822
2.19577
-0.108339
0.798392
-0.0742128
1.03977
1.11021
1.66057
1.11862
1.11356
1.65793
0.534091
-0.519039
0.401878
1.38728
2.18817
0.609472
0.469953
1.26444
1.38005
1.80418
-0.568608
0.730029
-0.925951
0.150081
1.57884
1.29527
-0.454836
0.179503
-0.469613
-0.644294
1.20324
1.46988
-0.207255
0.258361
1.40037
0.435884
1.07946
0.618572
1.37551
0.176155
0.646253
-0.25345
1.26995
1.80036
0.896532
0.600356
-0.118289
1.87259
1.62685
-0.944788
-1.62657
-0.120806
0.728694
0.780187
1.33552
0.940382
-0.928361
0.35222
-0.282061
0.654936
1.13601
1.17107
2.65837
-0.542503
-0.39942
-0.342041
1.25801
-0.516067
-0.924898
0.553488
0.0533777
-1.05326
0.290254
0.626295
0.170863
0.238675
0.0557661
1.14526
1.04172
1.53306
-0.199756
-1.75498
-0.0453185
0.36863
0.481943
0.429234
1.20731
0.779668
-1.28035
1.67851
1.70762
1.19567
1.52639
0.66308
-1.05031
0.228168
0.260933
-0.435108
-0.423129
-0.181401
1.51559
0.111078
-0.17763
0.715106
1.5186
0.158497
1.01249
0.523156
0.682965
0.148356
0.725923
0.674393
2.65789
-0.532434
1.81157
1.13083
0.512442
1.32524
1.41526
-1.66394
-0.805107
0.401296
1.79487
-2.93551
-0.341289
-0.859303
-1.30616
-2.89454
0.130076
-0.0114052
-1.66968
-0.381471
-0.0037803
-0.236803
-1.87958
-0.240413
-0.151172
1.37973
1.03941
0.889991
1.34699
-0.137773
0.888361
-0.373568
1.37513
-0.0514292
0.257176
0.531144
1.92588
-0.586008
1.419
0.908385
0.53484
0.628169
-0.0832437
-0.110397
1.23064
1.6078
1.47518
0.873999
1.82357
-0.123632
0.560605
1.57809
-0.572887
-0.366298
0.775036
2.16145
-0.443574
-0.586786
0.788419
-0.892902
-0.245181
-0.945669
-0.445722
0.868173
-0.197086
-0.561823
0.664842
0.495732
0.590089
0.265022
-0.382646
1.17402
-1.69135
-0.527835
-0.329024
-0.704472
-0.298369
0.902054
0.00583179
-0.0457266
-0.602942
-0.111608
-0.828925
-0.291705
-0.00810962
-1.08129
0.0517845
-0.599448
-0.0471975
