-0.407059
0.78024
-0.616957
-0.348107
-1.02974
0.0256369
-0.697639
0.957146
1.69991
2.38175
2.24789
2.33554
-0.28445
1.16494
0.532501
1.81152
1.7002
0.743349
0.588509
-0.976324
0.0913917
-1.6349
-0.805814
0.0814615
1.14429
1.24211
0.925648
1.63395
0.771623
0.463134
2.36094
1.06287
1.01125
-0.855593
-0.714835
0.288433
1.03345
1.40951
-0.0631942
0.670476
0.917713
1.17072
0.2983
1.25926
-0.0597203
1.24812
2.18529
0.420288
0.853522
1.99172
1.9082
1.10203
1.57282
2.29613
2.03512
1.06197
1.82493
2.4307
0.44401
-0.5533
-0.798136
0.358767
1.22083
-0.694357
-1.1516
-1.02619
-0.0439007
0.869169
0.226034
1.25555
0.937065
-0.35045
1.73087
1.552
1.28608
-2.01523
-1.69165
1.39674
0.964563
1.43866
0.848681
-0.0282445
1.06215
0.977597
0.199214
0.58264
0.449633
-2.83001
-1.89287
-3.45766
-2.12728
-3.05485
-3.01994
-2.72963
0.89494
1.0477
2.30354
0.696723
0.419571
2.25876
3.26581
1.97734
-0.301472
1.35564
3.25328
0.281958
-2.0821
2.63444
0.675513
-1.69196
0.645088
-1.46907
1.7839
1.67064
2.66323
3.21274
2.28458
-1.10141
1.194
-2.07129
1.20402
-2.10984
-2.62092
-0.913172
0.226057
2.25337
-2.78757
-0.22835
-1.73365
-2.66575
-2.39452
-2.81509
-2.054
-2.2212
-3.07816
-1.22225
-0.870685
-0.893298
0.055508
0.182701
0.551245
1.53388
-0.0494071
1.28022
0.768032
2.58056
2.00535
2.55619
0.955708
0.466336
-0.46592
0.986167
2.2515
-0.522803
0.373735
0.139122
0.743916
0.663413
-0.441282
1.29156
-0.818985
0.688143
0.411277
-1.07645
-2.10216
-1.90106
-0.925636
1.50914
2.20905
-1.3777
-1.50409
-1.37877
-0.07321
-0.91129
0.344724
-3.44381
-1.53958
-2.13274
-0.00397233
0.4982
-0.401972
1.50106
-1.3522
-0.87905
-1.31161
0.0582463
0.325408
1.35071
1.7533
1.41863
2.09241
1.84174
-0.146535
0.49337
0.00197696
0.891148
1.22355
-2.5368
-0.125221
-1.63288
-0.460445
-1.63717
1.62425
1.17202
0.0263594
0.958184
0.438994
0.984735
-0.35499
-0.301159
2.33233
1.52424
1.14441
0.326854
0.389465
0.158093
0.96789
1.82296
0.606899
-0.0388375
0.249629
1.70364
0.598193
0.692987
1.08125
0.99055
2.90045
2.3903
1.65052
0.0239011
1.08421
1.77173
1.83984
1.4006
2.01782
2.49046
1.09511
1.45842
1.0579
0.294278
0.550799
0.259569
-0.342202
-1.42081
-1.5023
-1.4691
0.475363
1.09956
-0.0599587
1.08204
0.851712
-0.0411164
0.656496
3.63672
1.65766
-1.65351
-2.73538
1.40812
2.83355
1.16696
1.34072
-0.201203
-0.724507
1.59386
-0.470332
1.29163
0.392318
-2.20461
-1.04606
-1.65819
-1.94386
-2.86839
-2.06069
-2.10753
0.477315
1.49335
0.673647
0.406309
0.57533
0.543634
3.38831
3.224
-0.42034
2.80355
2.57915
0.941037
-1.63187
2.68771
0.446391
-1.18043
-1.17087
-1.14854
1.78237
2.35632
2.47902
1.91189
1.24723
-1.16014
0.49139
-2.30279
2.24885
-1.3491
-1.6757
-0.918981
-0.660497
1.37275
-0.907691
0.602517
0.183419
-1.95229
-2.29787
-2.78882
-2.16734
-3.19122
-2.16212
-0.894948
-0.829314
0.837315
1.41931
-1.02499
-0.950747
0.571061
0.0445388
-0.58699
0.315893
1.78465
0.850105
1.34952
-0.56596
-0.1769
0.318693
1.13381
1.50454
1.39497
0.233103
-0.143798
1.01732
0.950572
-0.295286
2.00756
-0.712095
1.0264
-0.266077
-1.27519
-1.95302
-1.37217
-0.670027
1.73929
1.50393
-2.34021
-1.44849
-2.53013
1.09187
0.568893
-0.535814
-2.07919
-1.81282
-2.142
0.65126
1.19469
-0.741339
-0.969159
-0.987958
-1.20827
-1.11069
-0.408227
0.963959
2.69886
2.35902
1.28517
0.133085
1.05218
-3.08065
-1.8604
0.875859
-2.49818
-3.70703
1.06363
-1.49072
-1.86002
0.397034
0.568337
1.40662
-1.29391
-1.04899
-0.787168
-1.22546
-0.57801
0.0734276
-0.864737
-1.79672
0.824892
-0.158104
0.0775403
0.253067
1.75235
-1.04874
0.552153
-0.0239599
-2.48225
-1.21841
1.33399
1.46443
-0.22467
0.542883
-1.19214
0.618449
-1.09734
0.977993
0.223966
-1.10949
1.45516
0.11549
0.37389
2.19881
0.871728
1.08682
0.578791
2.45518
0.208095
1.11332
0.155847
1.58296
-1.05533
-0.464491
0.186566
0.293803
-0.278093
-0.928335
-0.209858
0.0727679
1.96212
-0.927285
1.88582
0.59129
1.47452
0.702227
-0.701919
1.18728
1.41
0.417662
1.00704
-0.364143
-0.875676
0.65419
-0.682245
-0.0330678
-1.46725
-0.3082
0.957618
2.23156
1.77293
-0.86229
0.452946
0.952248
-0.147409
0.563284
-1.58929
1.03092
-0.648971
-0.996799
-1.28245
-1.04825
0.782078
-0.818075
-0.0628625
0.661639
0.0741848
-0.500673
-1.5798
-0.31468
0.608912
-0.520469
1.77183
1.7051
1.16321
1.59733
-0.336066
1.7476
1.84373
-1.47009
-0.709942
-0.205267
0.081753
0.391208
0.52433
1.63188
-1.35271
-0.0321115
-0.234839
1.01215
0.419875
-0.335113
0.365053
-1.72875
-0.122214
-1.16376
-1.18447
-1.11046
3.06411
-1.22464
0.831413
0.576043
1.92916
1.2484
-0.764815
1.61671
1.99002
2.7619
1.6182
-0.193763
1.56591
1.61442
0.269724
0.162314
2.39814
1.70337
1.68076
0.904854
1.8338
-1.01259
1.09748
-0.0548101
1.3611
-0.216423
1.0947
1.60997
0.0111176
-1.69089
-0.0970473
0.440108
0.285775
0.42127
-1.69166
-0.576416
0.686219
0.792166
-0.088859
-0.989227
-1.06203
0.489137
1.68055
1.69149
-0.925239
-0.47636
0.29181
0.487213
0.170286
-0.0532612
-0.695771
-0.959421
-0.0492726
-1.23322
0.273187
0.565321
0.299142
0.802246
-0.953869
0.112109
0.805781
1.8855
1.58928
1.04015
-0.371232
1.28635
1.04932
-0.457207
-0.228903
-0.777212
-1.82986
0.266644
0.707116
0.656821
-1.162
-0.0285555
-1.27075
-0.852858
-1.51102
0.589363
0.948291
-0.580847
-1.20776
-0.0854809
-1.56876
-1.09035
-2.24838
0.136672
-1.06722
-1.39977
-0.251972
-0.416511
-1.50933
0.151767
-0.304872
1.61386
1.28652
1.40573
-0.460435
-0.870899
0.508713
1.26849
0.296309
1.46502
0.708546
0.690908
-1.68717
2.09372
2.13627
-0.416993
1.72417
0.52264
-1.21479
0.644517
0.328801
0.0594847
1.00444
-0.283632
0.942873
-0.449894
-2.039
-1.96123
-0.375914
-0.00450805
-0.620748
2.26843
0.322598
2.53913
1.32127
1.51859
2.3594
0.744464
1.92422
1.52706
1.83407
1.25894
2.07966
-2.00125
-1.24299
0.777522
1.72477
-2.60931
-0.320847
-0.270218
-0.289915
-2.13758
0.61175
-2.40362
-2.82762
-0.42992
-0.243141
-2.45928
-1.82972
-1.37137
-0.572244
1.32317
0.972029
1.26277
1.28501
-1.39296
0.983915
-1.26264
1.05211
-0.371638
0.261037
1.52852
1.90835
0.943385
1.1826
0.313493
0.0955222
-0.0116945
-0.424619
0.0954733
0.059097
1.24939
-0.393592
1.30158
0.167198
-0.52986
0.557921
0.0532582
-1.58959
-0.452125
0.559946
1.53028
0.4948
-0.945671
-0.868604
-1.60467
1.78584
1.74753
-1.05595
3.61048
0.0387302
0.980518
1.08009
2.02689
0.0222427
0.502536
-0.00411908
2.63701
-1.61934
-0.992403
-0.535858
0.00726778
0.204614
0.895792
0.0809002
1.05814
1.52468
2.15927
1.14866
1.15014
2.20666
0.337092
2.13876
0.679902
2.06408
