-1.11941
-0.400236
0.903458
-2.3232
-1.18747
-0.869318
-2.15723
-0.20769
1.27972
0.600432
0.787679
0.856618
-0.176477
-0.245734
-1.20428
1.08697
0.819127
1.13712
0.188361
0.625601
1.51539
0.933105
-0.0298743
-1.56721
3.27781
1.14418
-0.655591
-1.06616
-1.41611
0.306546
-1.57688
-0.446985
0.878953
0.130388
-0.0887868
-1.22294
-0.182684
0.0144367
-0.0407746
0.268688
-0.919154
0.0570445
0.260506
-0.280494
-0.0633886
0.776015
0.0631564
-0.842973
-0.118408
-0.276684
0.380788
-0.447723
-0.323254
0.902771
0.366948
0.37336
-0.577033
0.223389
-0.301539
0.0257653
1.87708
0.46202
0.816498
1.71993
2.60186
0.398859
0.213783
1.39795
1.80108
1.71558
1.25358
0.366944
0.373149
-0.360745
1.60962
-1.22328
-0.483746
-0.0484735
0.990335
0.484748
1.58859
0.186139
1.04045
1.40435
-0.777637
1.98179
1.31405
1.48916
0.49098
-0.675535
0.892068
2.3236
1.29695
0.952036
-0.343557
-0.329652
0.308024
0.947941
-0.356671
-1.05316
-0.339663
-0.040889
-1.11157
-0.394635
0.710321
-1.16621
-1.75343
0.0600054
-0.508922
-1.30962
0.0419363
-1.91227
0.244219
-0.125109
0.246067
-0.246656
-0.0434052
-0.586326
0.24666
-0.280259
-1.45607
-1.11
-2.35108
-0.728561
-1.37895
-0.714394
-2.16831
-0.0114592
-1.00864
-0.0579928
-0.342708
2.00667
0.119745
0.183665
-1.35194
0.497245
-0.476279
0.941728
-1.14626
-0.918761
1.53991
-0.451278
1.51302
-0.932151
-0.19248
0.868402
1.07622
0.260323
-0.366729
0.443457
-0.286726
0.956515
-2.24792
-1.01336
-1.37186
1.26958
1.96474
-1.33206
1.80701
-1.87924
0.526986
-2.13746
-0.791376
1.02545
1.02825
1.736
-1.15416
-1.03598
2.29453
0.521182
-1.02826
-0.330857
-0.513234
-1.48924
-0.507548
0.427713
0.387538
0.162352
0.437159
2.20713
-1.6488
-0.339316
-0.0586433
-1.94575
-1.83242
-0.296411
-1.33413
-0.809776
0.721013
-1.32702
-1.62974
-1.17007
-0.948967
-0.0349676
-0.688471
0.575945
-0.188697
-0.757958
-0.591873
1.59926
1.5842
0.219328
-0.483039
-1.67891
0.291206
0.227769
-1.3501
0.194812
-1.20421
-0.0225147
-1.29668
-1.01659
-0.0950869
0.841932
-0.445197
-0.690586
-0.182778
-0.936592
-0.0994834
0.0769844
-0.930981
-0.505952
-0.260353
-0.293667
-0.580214
-0.817314
0.392437
0.132542
0.169478
-1.58105
-0.960071
-0.773316
-1.05191
0.920179
-0.0786004
-0.707904
-1.5961
-0.420126
-0.362534
0.346287
2.78858
1.20594
1.35459
2.23475
2.35057
0.135255
-0.721877
0.708856
2.08646
1.26775
1.58828
0.577481
-0.604152
-0.28386
1.50762
0.0355162
-0.891656
-1.29853
0.0183637
-1.12474
0.845587
0.0061796
0.833279
1.50015
-0.360734
1.05268
1.17021
1.90952
-0.513471
1.44849
0.991925
1.24944
2.00983
-1.14764
-0.370563
0.0964345
-0.096762
0.255507
-1.15414
-1.62576
0.340887
0.0449937
-1.05183
-0.549016
0.247025
-1.63253
-0.0650993
1.33509
-1.25323
-1.07723
-0.526077
-2.59965
0.251852
-0.67451
0.57684
-0.862173
-0.793763
-0.204708
-0.826735
-0.882779
-0.966184
-1.36242
0.127317
0.0616399
-1.67328
-0.818742
0.0171087
-0.775456
-1.33184
-0.401642
-0.0779065
0.166382
-0.654014
0.227854
0.287516
-0.724777
0.143109
0.111659
-1.40843
-0.677113
-1.06825
-1.00185
0.348538
-1.41876
-0.210395
-0.0393147
0.773315
-0.578967
-1.91394
-1.47753
-0.280152
1.66312
-1.53504
-0.400059
-2.49617
-0.131444
1.26094
0.657522
0.663545
-0.744383
0.213656
-2.02519
-0.965415
0.791937
2.03618
0.899713
-1.0577
-1.47522
2.0166
-1.67223
-2.03572
-1.35964
-1.36754
-1.43662
-0.23044
0.530472
0.109
0.108367
1.34588
0.554854
2.20536
2.40781
2.75118
1.44085
1.15905
0.437329
0.955696
1.15115
1.21012
-1.09046
-0.66098
-0.212895
0.259875
1.72984
-0.0354785
1.38031
-0.0818065
-0.457424
-0.0590832
-0.997792
0.716607
0.216196
-0.629757
-1.91402
-0.604596
-0.112394
-1.67827
-2.1055
0.224479
-0.161756
0.292184
-0.300068
0.671353
0.0849177
-0.877052
-1.50322
-0.704704
-0.682221
1.67763
-1.40892
-1.05585
-1.35877
-0.630196
-0.924091
0.00771608
0.754304
-1.25288
-0.337479
-0.558264
0.23287
-2.64511
-2.33042
1.73655
-2.10769
0.00209142
-0.017791
-0.777423
-0.603666
-1.68633
-0.139844
0.821648
0.261155
-1.67354
-0.879201
-1.14134
-1.35441
-0.478196
-0.869183
0.925973
0.436093
0.352435
0.0952472
-0.722989
0.748107
1.01302
-0.612111
-0.450571
-0.133333
0.433833
0.791049
-0.15247
-1.30571
-0.219162
0.20533
-1.16041
-2.55996
-0.717458
-0.667295
0.263162
-0.822377
-0.136987
0.729312
-1.70258
-1.18249
-0.812694
-1.15017
-0.852708
-0.0469186
-0.24905
-0.515394
0.213941
-1.16134
-0.392847
-0.624146
-0.542228
-0.287817
-0.533632
0.463749
-1.24625
-0.629108
-0.203656
-0.0868196
-0.512635
0.231116
1.81374
0.268973
-2.16617
-1.97615
-1.97031
-1.48278
1.88121
2.21713
3.08259
0.171167
-1.34293
0.270175
0.299593
0.726655
-1.40946
-0.665144
-1.07279
-0.868416
0.962524
-1.02876
-0.681046
0.165493
-0.957591
0.983304
-0.0710061
1.02593
-0.184201
-0.812547
0.195823
0.616529
-0.998463
-2.51084
0.42542
0.385715
-0.116999
0.11279
-2.21003
-0.819847
-0.584702
-2.02571
-1.6637
-1.19024
-0.371234
-1.68498
-0.0443104
-0.293754
0.556656
1.4926
0.972895
-0.213612
-1.01573
-0.552659
-0.972771
0.548595
0.669616
1.39264
-0.96472
-0.592844
-1.32665
0.227847
-0.213103
-0.976152
-0.163306
0.514416
-1.49866
-2.43667
-2.13533
-0.760391
-0.102167
-0.925845
-0.635683
-1.61349
-0.81676
1.19055
0.189472
-0.0680764
0.530171
1.07108
0.245755
0.810419
1.36856
0.0756499
-1.91054
-0.778194
-0.224959
1.76273
0.837958
-1.07115
-0.499472
1.20805
-0.933784
-0.311405
-1.75683
-1.25919
-1.68846
-0.604325
-0.301565
-0.00526748
-1.67361
-0.674122
-0.472473
-0.545186
0.39278
-0.527469
-0.470438
0.33473
-2.09644
-0.595055
-0.43033
-0.304213
-0.575519
-0.745174
-1.24549
-0.622693
1.10526
0.253524
0.0547565
-0.806901
-0.975979
-1.83894
1.50429
-1.1789
-1.07408
-0.132889
-0.903312
0.112642
-1.18701
-2.92645
-1.99848
-1.62937
-1.18153
-1.73526
-0.682989
-1.0202
-1.67021
-2.24136
0.241591
-0.503924
-1.3223
-0.0360903
-0.371499
-0.265564
0.169778
-1.1052
-0.835815
-0.358533
-0.261796
-0.811521
-0.29435
-0.8443
-0.744812
-0.606884
1.04946
-0.210467
-0.678285
-0.992019
-0.407501
-0.946427
0.0718501
-0.148157
-0.566966
-1.45273
0.304633
0.271753
1.58207
-0.652665
-0.391534
-1.03638
-1.27762
-0.660344
1.32585
0.61801
-0.97167
-0.174143
-1.51181
-0.0221156
-0.854766
-1.22638
-0.513819
-1.04936
-1.24917
-0.42773
0.869633
-0.604842
-0.823179
-0.88057
-0.311401
-1.45465
-0.857392
-0.154006
1.1928
-2.13562
1.08298
1.71726
-0.656848
-0.741222
1.79939
-1.81603
-0.915702
0.144809
-1.44016
-1.26728
-1.526
0.809506
1.10712
1.42385
1.61688
-1.32992
-1.12655
0.32533
0.229729
0.328112
0.19914
-1.19216
-1.7076
-0.905571
0.751436
-1.85624
-0.503337
-0.553871
0.117463
-0.278742
1.38535
-1.27032
-0.335791
0.425828
-1.87324
1.66469
2.71971
0.102182
0.0987752
-0.294501
0.296786
-0.981962
0.393938
-1.09975
-0.384194
-1.20902
0.263295
-0.358607
-1.30223
-1.23025
-1.71215
-1.15641
