-0.218617
-0.728902
-0.801367
-0.00721702
-0.541296
-0.0399794
-0.304981
0.30899
2.13035
1.17814
1.71404
2.1929
-0.357446
0.48622
-0.203123
0.889806
1.06867
1.13597
0.878284
-0.0227315
0.30518
-0.155864
-0.295133
-0.557724
0.693565
0.0746035
1.38453
2.0951
1.58403
1.92222
1.29453
1.5681
2.0141
0.648517
0.284582
0.264879
-0.340743
0.662693
-0.410775
0.345725
0.35123
-0.419746
-0.149928
0.192373
-0.889733
1.29274
0.987222
-0.423669
-0.238756
0.974035
1.14113
0.143095
1.76317
1.2271
0.212801
-0.22582
1.71121
1.80526
-0.822805
-1.01502
-0.746853
0.716933
2.06345
-0.750104
0.54904
-0.918618
0.404503
1.82365
0.624438
1.11195
1.49485
0.553564
1.29923
0.810735
0.639489
-2.22632
0.381064
0.972876
0.24114
1.03619
0.644471
-0.763425
0.695968
0.489586
-0.0326505
-0.182251
1.01427
-0.0688927
-0.746993
-1.41451
0.970729
-1.76771
-1.13239
-1.67808
0.35853
-0.103393
1.50999
0.818126
-0.597494
0.622601
1.71651
0.900938
-0.827577
-0.0766393
1.01556
-0.795947
-1.63645
-0.467403
-1.03233
-1.8612
-0.670612
-3.1386
-0.786572
-1.36657
0.492255
1.6797
0.573455
-1.30197
0.837376
-1.86524
-0.0584061
-2.34383
-1.46172
-1.28536
0.891464
0.906826
-1.18002
0.531626
-0.157072
0.0950112
-2.29734
-1.21647
-0.60895
-1.15084
-1.9102
-1.82275
-0.590327
-0.214073
1.36237
0.692143
-0.0229144
0.472611
0.738559
0.307778
0.47426
1.23534
1.03191
0.0408941
0.59289
0.939956
0.6816
0.619582
1.12867
0.365962
-0.148382
0.20438
0.0693371
0.851703
1.08643
0.595462
0.258818
1.37799
1.02673
-1.09596
-0.914561
-2.04808
-2.00169
0.805897
0.991501
0.0402635
-0.342005
-1.94924
-0.793371
-0.753869
0.197318
-0.969442
-0.456289
-1.48684
-0.767721
-0.650071
-0.0927227
0.140247
-0.0439584
0.18723
-0.309744
0.0667549
0.41865
0.168208
1.66095
-0.571723
0.468656
0.213318
0.420125
0.598491
-0.464537
-0.0391861
0.823813
-0.357379
0.765741
0.319164
0.251485
-0.00550457
0.971724
0.803596
0.412426
0.63747
1.34431
2.5213
0.731611
1.59409
1.91089
1.87339
2.13648
0.925043
1.26707
-0.252661
-0.654015
0.596889
-0.969305
1.02384
0.39765
-0.34879
-0.0959304
0.0130337
1.1206
0.476803
0.916738
0.74979
0.807047
-0.265836
-0.146212
-0.10543
1.17364
0.593243
0.709464
0.158469
1.09353
1.18176
-0.244666
-1.11292
-0.321926
1.55695
1.45999
-1.88932
-0.464283
-0.456874
0.970423
1.35481
0.764337
0.784459
0.990433
1.15761
0.932289
2.37902
0.498102
-0.807116
-0.529204
0.577309
0.3044
1.64098
-0.0919653
-0.192653
-0.650378
-0.0308365
0.0470651
-0.508273
0.425767
-0.278944
-1.14988
-0.192569
-1.07441
-1.45941
-1.34214
-0.619221
0.780306
0.00719483
0.544407
0.261422
-0.246388
-0.530169
1.3967
1.21406
-0.607626
0.619731
1.18689
-0.426895
-0.395488
0.464334
-1.16889
-0.549425
-1.61608
-1.94788
0.500072
-0.226334
1.19399
-0.0442876
-0.292879
-0.986032
1.08159
-1.49121
1.91883
-0.70504
-0.367768
-0.741376
0.858934
0.536978
-0.398062
0.201876
0.55874
0.265155
-1.36382
-1.16061
0.133077
-2.07692
-1.37258
0.165404
0.287131
0.76707
1.6043
-1.02978
-0.142178
-0.163077
0.250089
-0.411911
0.529628
0.721788
0.156768
0.170416
0.210162
0.678361
1.44164
0.730672
0.86263
0.785421
0.615745
-0.291792
0.599658
1.46573
-0.121939
1.51414
1.26954
2.33132
0.139891
-0.315898
-1.6725
-1.07753
-1.32678
0.279545
-0.476516
-1.34448
-0.247907
-2.06491
0.631253
1.11589
0.230695
-0.892888
-0.154895
-1.98901
-0.511942
0.385857
-0.139739
0.408666
-0.186157
-0.091288
0.0342244
0.180943
-0.386279
0.749848
-0.019843
-0.899738
-0.354834
0.365799
-2.40499
-1.54924
-0.514801
-0.439242
-2.1219
-0.821052
-0.65061
-2.8895
0.19318
1.32943
-0.225732
-0.871125
-1.00435
-0.878229
-2.12722
-1.77119
-0.985707
-0.536117
-1.83265
-0.380679
0.406479
-1.35149
-0.0159752
1.83201
0.347262
-0.302185
-0.739681
-1.55964
-1.15511
-1.01289
-0.96654
-0.165621
0.152848
-1.36266
-1.52009
-2.63302
-1.34818
-0.817545
-1.5314
-0.126677
-0.122937
-0.272543
-0.887778
0.221926
-0.471284
-0.853791
0.98598
-0.429284
-1.46614
-1.75495
-0.427656
-0.629863
-0.0878
-0.424295
0.149411
-0.235083
-2.24619
-0.56257
-0.586174
0.702963
-1.53359
-0.212498
0.418118
0.0439561
0.0223564
-1.6482
0.815527
-0.620652
-0.858098
-1.15283
-0.205758
-1.24609
0.676993
-0.991646
0.0240214
-2.68092
0.111975
0.0168064
0.108607
-0.765864
0.000678018
-0.0667491
-0.152279
-0.546789
0.215479
-1.19899
0.810369
-0.83827
-1.76632
-0.732488
-1.18364
0.129762
-0.5805
0.223895
-1.09184
-0.864744
-0.884051
-0.758176
-0.652111
0.138083
-0.701892
-0.504375
-0.0421287
-1.26619
-0.031758
-0.539515
0.464805
0.428201
-0.884035
-0.434794
0.761683
-0.762615
0.310377
-1.70911
-0.0215861
-2.08001
-0.520793
-1.02882
0.62859
-0.547702
-0.724988
-0.0195412
-1.45883
-0.66092
-0.859285
0.0654405
-0.191246
1.64565
-0.660804
0.291739
-0.93403
0.511074
-0.376104
-0.943487
-0.0139679
0.219791
0.0737762
-1.05113
-1.34168
-1.14945
-1.62922
-0.698655
-0.848162
1.13583
-0.00252052
-0.1076
-0.880473
0.760464
0.319436
0.442901
0.38832
0.357201
-0.699813
-0.891388
-1.32014
-1.18822
-0.925753
-0.332235
-0.813257
0.456336
1.77743
-0.975745
-1.17955
0.365458
0.151035
1.07109
0.514167
-1.91759
-0.597444
0.313845
-0.356005
-1.32537
-1.04261
-1.37387
-0.706305
0.674802
-0.0812294
-1.50675
0.215014
-0.583523
-1.44166
-0.515102
0.173454
0.700582
-0.170946
-1.24897
-0.750915
-0.763392
-0.129792
0.195466
-0.0258541
-0.653858
0.720217
0.361469
-0.984475
-0.872542
-1.27056
-1.04079
0.154486
0.944368
-0.257474
-1.01469
0.622236
-0.896192
-0.788042
1.20298
-0.438109
1.12739
-0.74989
-1.29996
-0.872198
-0.306922
-1.49528
-1.65488
-1.11291
-0.977424
-1.69719
0.0948933
0.0298871
-0.576108
-1.0625
-1.79041
0.685199
-0.230098
-0.506805
-0.0943815
-1.17033
-1.72961
-0.364143
-0.426159
-0.140033
0.389113
-0.87203
-1.9209
0.540744
-0.416499
-0.0929305
1.25806
-0.48656
-1.02354
-0.646315
-2.03851
-0.474815
-0.344964
-1.12013
-0.352711
-0.590862
-0.850353
-0.770205
-0.378006
-0.292962
-0.323154
-0.349677
-1.33912
-0.423733
0.87277
-0.129173
1.78289
-0.972337
1.09155
0.0978335
-0.603663
0.237505
0.0739233
-1.06105
-0.381269
1.327
-0.0984073
-2.33292
-0.326838
-0.177296
0.0669245
-1.55287
-1.00454
-0.960314
-1.77577
-1.0086
-1.02698
-0.68349
-1.37199
-1.19068
-1.5965
0.407117
-0.520118
-0.926983
-0.450241
-0.774385
0.135714
-1.46156
0.64729
-1.30113
-0.431882
0.681234
-0.0461856
0.0774288
0.141388
-0.249575
-0.625611
0.169653
-0.806883
-1.02111
-0.603407
-0.855896
-0.828926
-0.255916
-0.24374
-1.32497
-1.52686
0.648926
-1.82895
-0.0664144
-0.567364
0.668777
-0.373237
-0.194546
-0.963447
0.0130344
0.904241
-0.158337
-0.485401
0.623065
-0.847212
-1.10116
0.0033897
0.0535146
0.859905
0.20341
1.02659
1.00496
-0.567249
0.096214
-1.77511
-1.26612
-1.51869
-0.339955
-0.617765
-0.44744
-0.325807
0.0769908
0.573623
-1.17536
-0.560841
-1.24224
0.14971
-1.4026
-0.683893
