-0.112215
-0.769099
-0.967223
-0.196907
-1.02817
-0.358033
-0.0942502
-0.327928
1.23909
0.045371
1.34421
1.55007
-1.13733
0.444736
-1.49363
-0.430243
0.782262
2.46848
0.157715
0.0581937
-0.190949
-0.201641
-0.641051
0.182236
0.764821
-1.03117
0.15871
2.34201
0.712612
0.730294
0.516256
-0.0722493
1.04232
-0.895192
-0.729276
-0.205165
-0.100104
0.0358743
-0.926347
0.338973
0.645716
-2.05006
0.251573
-0.681677
-1.54712
0.524579
-0.417002
-1.05021
-0.975059
0.515239
0.321606
-0.800638
0.985105
0.45855
-0.715104
-0.158022
0.86215
1.03468
-0.899551
-0.408827
-1.08952
-1.03111
0.67564
-0.970644
0.385707
-0.0354066
-1.44908
-0.777615
-0.98767
-0.961857
0.0376692
-0.23276
-0.521749
1.29352
1.24554
-0.326285
-0.113853
1.41867
-0.70411
0.862199
0.49472
0.138587
-0.402861
-0.866886
-0.849029
-1.1881
-0.350012
-0.0364993
-0.992306
-0.972178
1.40907
-0.43601
0.287156
-0.010685
0.194735
-1.27447
-0.637091
-0.769601
0.442369
0.637128
1.55126
0.776733
0.717022
0.31312
1.18129
1.60016
-0.42919
0.192218
0.807083
-0.238702
0.354677
-1.56985
0.0295449
-0.327956
1.11985
1.30337
-0.400884
0.867224
2.20251
0.37273
0.79113
-0.467225
-0.257912
0.250869
0.369816
1.95205
0.252252
1.80456
-0.0849048
0.809984
-0.309729
-0.30785
-0.017074
0.0624568
-0.388604
0.12486
0.418788
-0.048636
2.02913
0.566756
0.000218736
-0.490013
-0.231207
0.0950784
-0.1558
0.726239
0.893463
0.699756
-0.184016
0.511061
-0.721485
-0.421549
1.21317
0.827363
1.15538
-0.334538
0.015022
-0.0653693
0.713003
0.691835
-0.294386
0.267404
2.29104
-0.337921
-0.234833
-0.738293
0.0707601
1.17603
1.35461
-1.31503
-0.318976
-0.0700882
0.0217225
0.855659
0.430389
0.0331469
-0.330662
-0.29452
-1.44092
-1.91111
-0.183751
0.643756
-0.981379
-0.302404
-0.654932
-0.318819
0.857124
-0.48375
0.893444
-1.42323
1.15388
-0.327489
-0.481836
0.50443
-1.9789
-1.24535
0.246625
0.579367
0.5137
0.487581
0.139101
0.0411724
0.745088
0.505232
0.481475
-0.29455
0.176467
2.39692
0.218551
0.385846
0.536207
0.380911
1.09718
-0.348468
0.125968
-0.34844
-0.611029
0.00116525
-1.04298
0.515255
0.578175
-1.0884
-0.442163
-0.9957
0.692712
-0.359096
-0.127567
-0.517386
0.34678
-0.769675
-0.877053
-0.974554
0.405728
-0.235273
0.069765
0.149539
0.704687
0.480821
-0.687631
-0.497115
-0.670462
0.227627
0.0722247
-2.12425
-0.91839
0.177944
-0.56736
-0.681286
-0.806161
-0.997062
-0.89701
0.124214
-0.283159
2.52364
0.488523
0.945823
-0.106374
1.78236
0.435499
1.65959
-0.450708
0.448029
-1.809
-0.754691
-0.994774
-1.07783
-1.01284
-0.199231
-0.855264
0.213293
-0.292342
0.237439
0.273441
0.923656
0.452512
-1.03495
-1.59279
-1.27563
0.297073
-0.303873
0.972486
0.94131
0.947966
0.882382
1.36725
1.77498
0.695536
0.955246
0.851629
1.16845
-0.0839718
-0.440521
0.997299
0.395401
1.32841
-0.0790324
-0.677679
1.34439
2.6064
0.934469
2.58198
1.66752
0.830214
0.350593
0.664459
1.62593
1.31795
0.83018
0.351347
1.06556
1.08003
-0.0028521
0.195552
-0.66012
0.473827
1.46447
1.03751
1.66912
2.49138
-0.0928743
-0.685298
-1.54729
-0.759001
-0.336963
-0.77297
-0.154046
0.234642
0.641911
-0.761217
0.309184
-0.43331
-0.261924
1.15756
2.36023
2.02155
-0.87951
1.0824
0.843182
-0.626291
2.03265
0.452465
0.883988
2.04092
1.17452
-0.833982
0.705477
0.98254
0.817136
-0.134836
-2.36111
-0.0994172
0.185054
1.2188
1.80796
0.531584
0.394187
-0.104235
-0.495068
-0.931876
-0.738653
1.01309
1.64801
1.31689
0.228295
0.78767
0.911891
0.409055
1.94092
1.38304
1.34944
0.661593
1.00008
-1.22364
-0.842041
-0.579319
-0.428861
-2.25111
0.573363
-0.307976
-2.12657
1.22631
2.86431
1.06374
-0.23292
1.36731
0.727359
0.0277999
0.226456
0.245938
0.664412
-0.845971
-0.153441
1.04679
0.841223
1.35866
2.33448
2.24512
1.37339
0.379817
0.0123753
0.710066
1.18956
1.39073
1.68246
1.74392
0.239662
-0.216095
-0.337612
0.964763
0.277848
1.13775
1.8533
0.838904
1.84865
-0.523569
1.48198
1.98146
1.25461
2.51767
0.775936
-1.62433
-2.08391
1.92408
1.06115
1.30956
1.57485
1.29076
1.38725
-0.64891
0.502006
0.280785
2.61173
0.413592
0.164493
0.593642
1.43833
1.18353
0.455849
1.84145
0.693111
0.178522
-0.383781
0.894903
0.197445
1.45761
0.0814034
1.50416
-1.40988
1.62296
1.29368
1.08628
-0.85856
1.60164
1.78826
1.22941
0.16708
1.83521
0.319071
1.29308
1.87074
-0.462685
1.00386
-0.168516
1.03946
2.21844
2.26803
-0.254677
0.760594
0.433275
1.76436
0.782851
1.06468
1.65824
0.427642
0.130402
0.693609
1.72137
0.986527
2.25027
2.14777
0.093153
0.0637212
1.75423
0.726227
1.65811
-1.09508
1.16406
-0.659977
1.02739
0.63135
1.68281
-0.342393
0.133701
1.06492
1.22254
-0.774894
-0.425223
1.11339
0.372305
2.52637
1.69553
1.46572
0.261176
1.13366
0.784772
0.684469
1.14743
1.46405
1.06876
0.0167005
0.774544
0.542349
0.388081
1.61152
1.34026
2.68017
1.42865
2.02787
0.309891
2.00616
0.939339
1.51308
0.348896
1.65781
1.29969
0.676689
-0.133301
-0.541476
0.486569
0.575409
0.946205
2.43984
0.933419
0.34013
-0.37979
2.09314
0.983313
0.938902
1.77453
0.974139
2.11988
1.27725
0.520215
1.00319
1.04347
-0.0142642
0.598573
1.20681
0.775271
-1.1834
0.745996
0.105226
-0.468828
1.16801
0.660796
0.529287
1.83209
0.700188
0.439115
0.00731152
1.12716
1.13091
1.00669
-0.427685
1.63451
1.48054
0.056163
0.268337
-1.39263
0.0178408
1.42014
0.527664
1.73553
0.14086
2.07504
0.0584211
0.598201
3.02761
0.218914
2.40329
0.230887
0.882457
-1.24963
0.372868
0.0887113
-1.76883
0.808829
0.210283
-0.500063
1.65891
1.46417
1.34794
0.493069
-1.15103
2.03699
1.53457
0.737331
1.01718
0.394692
-0.420581
2.22879
1.95381
1.94155
1.8013
0.585513
-0.305695
1.41281
0.594834
1.11692
2.11748
0.549902
-0.148634
0.949402
-0.691915
0.399102
0.876078
-0.296813
1.92876
0.885125
0.674132
1.76386
0.226818
0.696358
1.59364
0.481101
0.135816
0.367803
2.12855
1.35723
1.95924
0.323176
2.14461
1.4524
0.521021
-0.160387
1.48919
-0.343517
1.03269
1.45244
1.52347
-1.64789
0.70732
-0.675555
1.29845
-0.662438
0.771713
-0.742347
-0.855661
0.147274
0.401828
-0.279761
-0.049868
0.556049
-0.00314108
1.8555
1.08416
-0.324037
1.14836
1.18621
1.07939
0.530936
1.74508
-0.305473
0.150038
0.672393
1.44774
-0.394863
0.824305
1.4291
1.67393
0.945475
-0.00360722
0.117093
0.801863
0.690742
1.07829
0.858529
-0.127906
-1.30281
-0.521343
1.09958
0.409489
-0.0983191
-0.248682
1.07597
0.183397
0.00732888
1.0453
1.16188
1.78735
0.541513
0.644985
1.3825
-0.452587
-0.591264
1.49583
0.889676
1.89513
1.09517
1.8005
1.82207
-0.173895
1.12174
-0.363274
-0.373154
-0.793155
0.0816887
-0.832587
0.106824
-0.268506
0.176772
1.35112
-0.534177
-0.488285
-0.310189
0.601217
-0.146012
-0.100085
