0.258515
0.105549
1.56564
-0.117403
0.604563
-0.322487
-0.447304
-1.58849
-2.97165
-2.04157
-1.96629
-1.97826
-0.164073
-0.353499
0.185796
-0.423198
-0.53498
-0.215217
-0.280546
0.537084
1.19693
1.63021
1.41798
-0.0197887
-1.6997
-0.397465
-0.532314
-2.40442
-0.481106
0.417683
-1.62835
-0.815688
-0.333144
0.689385
1.23679
-1.78854
-1.67951
-1.89763
-0.529882
-1.79181
-2.18587
-1.14643
-1.07499
-1.40222
-0.247754
-1.18056
-2.2641
-0.636064
-1.10328
-2.21557
-2.61222
-2.01799
-3.03275
-2.40151
-1.84766
-1.28833
-2.5656
-2.1852
-0.678077
0.231879
1.49516
0.136343
-0.882875
1.23989
0.942217
0.751528
1.42587
-0.558618
-0.448876
-0.163945
-0.932395
0.746569
-0.509258
-0.780626
0.253224
2.76176
0.526888
-1.46639
0.788785
-1.00827
-0.65313
-0.211335
-1.26954
-0.415993
0.43946
-0.0103222
-0.417377
1.71356
1.47685
2.33473
0.483955
2.83288
2.7652
2.59008
-0.619192
-1.49577
-1.28014
0.300142
-0.926937
-3.24014
-3.79374
-2.85474
0.0722266
-1.37414
-3.08419
-1.04527
1.42031
-1.87837
-0.584301
1.75745
-0.0406434
1.75769
-1.5887
-1.70001
-2.81583
-3.06497
-2.10669
1.07034
-0.764825
1.55831
-1.38063
1.88706
2.00887
0.521501
-0.717065
-2.38985
1.6497
-0.29337
1.27711
3.0639
2.39167
2.48462
2.08912
2.24091
2.42058
1.04089
0.973433
0.964096
-0.491987
0.99861
1.38866
-0.424613
0.445472
-0.770686
0.184012
-1.38117
-2.86714
-2.97233
-0.596776
1.10635
1.20766
-0.244523
-2.67273
-0.0964429
-0.912622
0.471761
0.178055
-1.08932
0.33714
-2.03354
1.50364
-0.475774
-1.37768
0.960886
1.36531
2.89542
1.04883
-2.72383
-1.90752
1.06915
1.59191
1.10405
0.289027
0.541479
-1.41305
3.23048
2.00094
2.03065
-0.0469328
0.603334
0.0402627
-1.35735
1.2284
-0.046123
0.0233337
-0.173244
-0.95513
-2.20665
-3.05796
-0.958965
-2.18946
-1.31192
-0.906189
-0.311542
0.0458382
-0.576239
-0.752245
1.62569
-0.248107
1.14681
0.94695
2.11397
-1.69053
-1.75637
-0.0130044
-0.541686
-0.425139
-1.20996
0.218663
0.209036
-2.4032
-1.32163
-1.15245
0.215072
0.523552
-1.11613
-1.49332
-2.00313
-0.824286
-1.80246
-1.84392
-2.13486
-1.02362
-0.917278
-2.09866
-1.04242
-2.64232
-1.81513
-1.93654
-0.66444
-2.13594
-2.49486
-3.15467
-1.811
-2.13304
-2.32332
-2.49853
-1.80187
-1.76166
-0.0556341
1.09223
-1.06275
-0.235891
1.7475
1.51328
0.101948
0.279034
-0.881404
-0.243124
-0.333748
-0.651621
-0.040521
-0.490599
-2.82313
-0.468442
2.17742
1.94136
-1.77239
-0.816976
-1.77594
0.251532
-0.442489
0.52993
-0.927181
0.202921
-0.146569
-0.166693
1.4239
1.75233
1.91421
2.54464
2.7236
2.31
0.99885
-1.02753
-1.50394
-1.08722
0.872757
-1.27119
-2.10419
-3.93774
-3.52138
-0.293602
-2.42123
-3.38003
-1.24812
0.965137
-1.85547
-0.585284
0.476425
1.40286
1.02011
-2.06143
-2.54998
-3.60526
-1.79443
-1.54784
0.889932
-1.14204
1.26475
-3.00914
0.456273
0.931105
0.527602
-0.466892
-1.63647
0.104898
-0.800969
-0.35716
2.2293
1.96413
2.75582
1.77184
4.1198
2.52052
-0.574173
1.08297
-1.163
-1.11567
2.06911
0.587366
-0.190062
0.115458
0.377078
0.223954
-1.00668
-2.30329
-1.92674
0.989094
0.572365
-0.226484
-0.176765
-2.57612
-1.32919
-1.57039
0.695816
-0.338835
-0.891737
0.263561
-2.08597
0.975793
-1.27552
-0.61169
1.32886
2.77632
0.859289
0.266805
-2.75983
-0.886865
1.83094
0.652401
1.9964
-1.21646
-1.44902
-0.80823
2.09675
2.03478
2.13658
0.130084
-0.96843
0.758544
0.25463
1.26394
0.774071
-0.00799891
-1.12794
-0.106065
-2.1844
-1.46667
-1.25766
-1.05914
-0.00338369
3.52881
2.40647
-1.08154
1.49391
3.10305
-1.16327
0.601337
2.75325
-0.80119
-0.784051
-0.47212
0.173131
0.358155
0.396266
0.904746
1.50078
1.26686
1.37022
1.10699
-0.2681
0.494429
0.603141
0.0159404
-2.45173
-0.416137
-1.18253
0.531438
1.74963
0.876384
-1.27504
-1.33532
-0.624414
-0.198213
1.17553
-0.53464
0.850389
-0.743714
-0.112792
0.24374
-2.01025
0.322764
-0.765406
-0.58668
-1.02162
-1.01029
-0.80365
-3.10032
-0.381953
0.129923
0.617534
-1.82758
0.375216
-0.699712
-0.929804
-0.917261
-0.750954
0.984318
-0.419489
-1.49649
-1.8868
0.77357
-1.13847
-2.11298
-0.255431
-2.59666
0.804174
-0.276621
-1.30591
-0.338918
-0.849287
0.105455
-0.08986
-1.37914
0.0283926
-1.52594
1.57682
-0.996325
-1.891
-1.71227
-1.23787
0.137512
-0.903911
-1.05976
0.132147
-1.37044
0.45252
-0.593051
-0.230522
1.65894
0.482838
-0.0842031
-0.775949
-0.41937
-0.0883795
-0.885642
0.0697593
-0.404561
-0.227035
-0.0964085
-0.60035
0.0401697
-1.37827
-1.14371
-0.574863
-2.57161
-0.977742
-2.74889
-2.62194
1.23479
1.3021
0.259975
0.235988
-0.852055
-0.212644
-1.3617
1.59119
0.780109
0.781088
-0.531054
-0.841075
-0.900013
-0.472009
-0.0424355
-0.299122
-0.254131
-0.640853
0.342354
-2.52122
-0.549077
-1.30292
-0.249972
-2.4255
-0.493646
-0.315272
-1.69756
-2.33322
-1.67564
-0.315308
-0.506697
-1.10275
-1.02007
-0.774288
-0.296904
-3.30637
-1.08878
-2.2168
-0.499301
-1.92941
-0.22905
-1.34978
-1.41051
-1.26773
-0.534368
-0.908814
-1.32981
0.134116
0.978009
0.420154
-1.15296
-1.64695
-1.7795
0.368809
-0.337077
-1.61279
-1.45794
-0.129002
-0.197945
0.885573
-0.224249
-2.05208
-1.8994
0.790092
-0.0715583
0.370623
0.135328
-1.17098
-1.83768
0.133388
0.462742
-0.363188
1.19936
0.029451
-0.446096
-0.917082
-1.06938
0.176144
0.5201
-0.712452
-0.943183
-0.868354
-1.16424
-0.316593
-2.05725
-1.08541
1.12579
1.2503
-0.596461
0.271331
-0.734626
-1.03172
-1.13673
1.47346
-0.856413
0.796382
0.774321
-1.3419
0.480416
-2.19275
0.888648
0.768092
0.258368
0.120274
0.940206
1.61252
-0.430922
0.337584
2.18723
-0.991101
0.0150033
0.767345
0.595659
0.492148
-1.564
-1.71087
-1.98746
0.340004
1.1535
0.411083
-0.585815
-0.868578
-1.14682
-1.09491
-0.307379
1.22223
-1.70746
-1.248
-0.642541
-2.41289
0.00270841
1.29037
-1.12176
0.0869567
-0.63709
-0.384148
-0.0867061
-0.619528
0.0498554
0.541187
0.809467
-0.534487
-0.319426
-0.562131
-1.60618
-0.279185
-1.39779
-2.16614
-1.7335
-3.19106
0.171606
-2.65171
-1.93545
-1.0975
-1.76604
-2.01699
0.908331
0.777608
-1.60957
-1.96524
2.3206
0.00407225
0.117898
0.254656
2.40267
-0.17145
1.14095
2.02794
0.753773
0.0880175
1.47926
2.27911
0.553523
-0.532503
-1.60578
-1.13625
-0.50908
-0.789107
0.850437
-1.09189
1.48664
-2.15126
0.379806
0.110654
-0.475193
-1.8133
0.0543979
-0.407988
-0.920292
-0.984819
-0.562514
0.223786
0.68111
-0.0188875
-1.23368
-0.633735
-1.48028
-1.54311
1.21732
0.241544
-1.02248
1.6052
-0.175201
-0.984635
-1.90484
-0.11539
0.783318
0.231571
-0.732889
-1.04658
0.207025
-1.091
-2.22961
-0.497182
0.437732
-1.3099
-1.46819
-1.36377
-0.918838
-0.489892
-2.11592
0.700264
0.885158
0.479333
0.707604
-0.417484
-1.40846
-1.33059
-0.701987
-1.196
-1.36077
-1.02591
-0.11843
-1.19722
-0.0779084
-2.20234
0.451105
-1.52677
