0.206715
0.153529
1.84039
0.06161
1.23151
0.170707
-0.0812913
-0.744099
-1.68202
-1.02115
-1.95505
-1.54956
0.671287
-0.296493
1.45716
0.663093
-0.16551
-1.42282
0.254938
0.64697
1.57832
1.71739
1.42901
-0.411837
-0.968792
0.606883
0.600005
-2.19323
0.0272353
1.21146
-0.92782
0.899958
0.464472
1.8749
2.03905
-1.41985
-1.55911
-0.963355
0.140557
-1.38757
-1.98238
0.223326
-0.950528
-0.769523
0.41296
-0.625796
-0.967471
-0.0543172
-0.514166
-1.95582
-1.37683
-0.920101
-1.97317
-1.40843
-0.945307
-0.763406
-1.75629
-1.53026
-0.608103
0.00683564
1.85879
1.969
0.737792
1.41028
1.28298
-0.196177
2.58595
1.92372
1.1243
1.56608
0.656284
1.09725
0.619728
-1.0172
0.0196368
1.3086
1.05222
-1.2832
1.60394
-1.09281
-0.510286
-0.234247
-0.554913
1.16044
1.10427
1.48615
0.930943
1.49527
1.55711
1.56272
-0.0637441
1.62927
0.921201
0.913579
-0.666515
-0.189885
0.595086
1.15359
-1.17454
-2.50767
-3.14502
-2.38225
-1.24089
-1.15619
-2.67544
-2.992
0.536617
-2.05018
-1.65003
0.435724
-0.635705
0.518371
-1.83622
-2.21145
-3.03991
-2.49382
-1.01423
-1.37374
-2.37567
-0.823629
-1.89855
-0.310209
0.551473
-0.165264
-0.0286175
-3.58084
0.199195
-1.43395
1.34002
1.95741
0.714719
1.30988
1.19216
0.709208
0.399941
-0.674663
-0.134919
0.882758
-0.934442
0.948736
1.10701
0.454595
1.33291
-0.549689
0.39437
-0.960512
-2.45755
-2.98271
0.0239721
1.66756
2.42417
0.678522
-2.74146
-0.459424
-2.46048
0.701222
0.117581
-0.124892
0.606935
-2.13437
2.15444
0.437683
-2.19453
0.0747321
0.777707
1.64845
-0.48453
-2.62912
-2.15582
2.44376
1.64545
-0.661019
-0.318838
-0.662638
-0.91163
2.21077
1.6873
0.993567
1.22654
2.12503
0.297409
-1.47345
2.08816
0.395334
0.420897
0.348352
-0.895322
-1.23057
-1.92067
-0.00628246
-2.59062
-0.748256
0.0272547
-0.533323
1.46167
0.54432
-0.0533318
0.706689
0.0587085
0.774677
0.829961
1.80885
-1.38502
-1.06706
0.396417
0.251418
0.413553
-0.713919
0.428111
1.40776
-1.29298
-0.0602185
-0.249565
1.08013
1.0943
-0.680739
-1.49638
-1.4162
-0.629702
-0.791577
-1.44976
-1.15786
-0.364067
-0.443689
-1.78713
-0.65933
-1.48092
-0.901748
-1.55538
-0.230725
-1.00588
-1.1727
-1.83304
-0.973075
-1.70439
-2.03356
-1.76764
-0.682698
-0.80742
-0.312905
1.34751
0.53452
1.19335
2.17274
1.98961
-0.306289
1.08053
0.7516
1.52058
0.937768
1.19769
0.772014
0.0825023
-2.95681
-0.590847
0.617632
1.52014
-2.39369
-1.39821
-2.08666
0.550643
-0.622936
1.39566
0.276999
1.36278
0.872378
1.20031
1.1783
1.46103
1.36617
1.2742
1.01984
0.725308
-0.19204
-0.879925
-0.51242
0.388041
1.90219
-1.04414
-1.58713
-3.03008
-2.49805
-1.60868
-2.1027
-3.00744
-3.10897
0.110486
-2.01576
-2.0608
-1.31846
0.347933
-0.259433
-1.93377
-2.82489
-3.24944
-1.6206
-1.1064
-1.64314
-2.84028
-1.55302
-3.41034
-1.66336
-0.418181
0.00642831
-0.242128
-2.93637
-1.5058
-1.26847
-0.375118
1.1455
-0.199117
1.55778
1.45086
2.51957
0.653817
-1.89723
0.112454
-2.22441
-1.6959
1.73144
1.35815
0.99436
1.12676
0.044321
0.958622
-0.0115052
-1.64479
-2.13728
1.51847
0.939296
1.35395
1.07336
-2.73308
-2.67496
-3.14425
1.03214
-1.11986
-0.402828
0.654919
-2.43118
1.66245
-0.235773
-1.93878
-0.46986
1.74947
-0.721869
-1.79329
-2.7318
-1.00811
2.77022
1.08901
-0.0302034
-1.25545
-1.67353
-0.449695
1.02867
1.46927
0.283823
1.22865
0.503149
-0.64754
-1.09453
-0.453228
0.524524
-0.89517
-1.61288
-1.37722
-3.68468
-2.86557
-3.83202
-2.41096
-1.33406
2.27546
1.85082
-1.00265
1.38108
2.9725
-2.20485
0.623279
2.07216
-2.15608
-2.48783
-2.44307
-0.586591
-1.79715
-1.44418
-0.6576
-0.683261
-0.152481
0.278046
-0.19419
-0.623335
-0.167879
-1.95521
-1.67585
-2.83505
-2.51037
-2.81883
-0.352826
0.396103
-0.985481
-3.64581
-3.84135
-2.67377
-1.90233
-0.297704
-1.72772
-1.10463
-2.83741
-1.27728
-2.19526
-3.83827
-0.859306
-2.88087
-1.18016
-2.24559
-2.99789
-2.71647
-4.28737
-1.59158
0.0303893
0.403096
-3.97312
-1.23619
-1.86906
-3.03178
-2.20243
-2.57483
-0.417205
-1.31372
-2.4141
-3.95561
-1.08491
-1.63468
-2.35669
-1.97672
-3.71595
-1.16361
-1.45186
-2.69072
-1.1115
-1.36081
-0.643678
-1.81679
-2.27374
-1.1405
-3.46157
-0.00302009
-2.66884
-2.9723
-2.75193
-1.37933
-1.62003
-2.92012
-2.61172
-0.897088
-3.01437
-1.15647
-1.2618
-2.52632
0.475462
-0.750588
-1.17877
-1.94167
-2.93141
-2.2214
-1.78158
-2.01205
-2.06695
-2.88278
-1.56454
-1.13983
-2.23271
-2.10469
-1.27069
-2.07086
-3.98591
-2.23472
-4.2814
-4.07206
-0.00285788
0.374299
-1.17432
-1.55724
-2.18479
-0.637942
-2.48821
0.539769
-0.733675
-0.567981
-1.38665
-1.36386
-1.79513
-1.72358
-2.23049
-0.305993
-0.553413
-1.66334
-0.194581
-3.29184
-2.75351
-2.2751
-1.05508
-2.77467
-1.64077
-2.08957
-2.6551
-3.56963
-2.29894
-1.34945
-2.75968
-2.54878
-2.58676
-2.57225
-2.25296
-4.54373
-2.45158
-4.00958
-1.71552
-2.98598
-0.95091
-2.27674
-1.63385
-2.43174
-2.68326
-2.63959
-2.94724
-0.813985
-0.428587
-0.539947
-3.05174
-3.29784
-1.06768
-1.298
-1.05476
-3.42943
-2.40871
-0.370209
-1.16873
-1.70061
-2.66955
-3.09189
-2.67443
-1.62941
-2.46298
-0.43233
-1.01204
-1.75733
-2.60042
-0.195316
-0.316242
-1.52254
0.0203197
-1.48945
-1.14065
-0.819895
-2.61443
-2.17954
-0.817492
-1.81732
-2.54753
-2.27068
-2.70669
-0.651306
-2.82839
-2.44658
0.449065
0.48258
-0.703696
-1.03891
-2.10832
-0.725685
-3.5249
0.152457
-2.39904
-0.444404
-0.823821
-2.78431
-0.373553
-3.23236
-0.271219
-0.94356
0.187659
-0.825502
-0.878906
1.9267
-2.59316
-0.977935
0.980045
-2.55603
-1.43379
-0.959857
-0.813445
-0.0355496
-2.88577
-3.43834
-3.45985
-0.856983
-0.364679
-0.688242
-2.89557
-2.61938
-2.64745
-2.39886
-1.36999
-0.295941
-2.74186
-2.46984
-2.11413
-2.7779
-0.829065
0.629377
-3.00146
-0.933821
-1.50558
-1.86686
-0.769138
-2.79451
-1.54117
-1.14315
-1.95663
-1.10841
-1.19463
-2.21597
-2.20556
-1.57743
-1.80898
-3.27881
-3.22712
-3.02467
-1.084
-3.36559
-3.1613
-2.08872
-1.07105
-3.28242
0.207868
-0.997333
-1.48077
-3.57767
1.94205
-0.942551
1.12285
-1.00433
2.06727
-2.38494
0.349689
1.08569
-0.581524
-1.88069
0.614909
0.892409
-1.34138
-1.98688
-3.07908
-3.00557
-1.3401
-2.24553
-1.45317
-2.14417
-0.582476
-3.17092
-0.775454
-0.664191
-0.551106
-3.13302
0.676989
-1.27609
-2.92127
-3.37569
-1.6309
-0.826134
-0.701955
-1.21687
-2.953
-2.65959
-2.62831
-1.87462
0.876816
-0.617781
-1.85741
-0.674761
-0.532528
-1.44765
-2.62051
-0.62381
0.174455
-1.67071
-1.3118
-2.03674
-0.753905
-2.06054
-2.71372
-0.890818
-0.24124
-2.85452
-2.23586
-2.20417
-1.66319
-0.989729
-3.12023
0.119786
-0.486467
-0.869902
0.0207002
-1.27882
-1.89936
-1.4207
-1.56966
-1.10197
-1.53132
-1.68356
-0.758084
-1.31189
-0.887167
-2.56046
-1.37494
-2.07706
