-2.36649
-0.11859
-1.03154
-2.50396
-1.24724
-1.29205
0.356015
-0.121096
1.96184
0.656446
1.87487
0.179758
-0.099353
1.0025
0.0839876
-1.27521
0.709236
-0.155334
-0.626408
-1.01815
-1.61528
-1.49354
-2.45852
0.782507
2.77344
-0.749062
0.838834
2.4443
0.0251502
-1.68234
-0.844186
1.12901
-1.71631
-1.19407
-2.22857
0.0754456
2.03774
2.17581
0.133197
1.96308
1.63032
0.935594
2.35309
2.29928
1.0532
0.347456
1.20075
0.105738
0.373226
1.73764
0.988682
0.616203
1.47908
1.07953
1.2498
1.79991
0.784521
0.00307304
1.51621
3.44803
1.31009
1.13792
0.670413
2.86429
3.3395
0.0462977
0.176701
-0.513355
-0.368557
-2.84878
-0.391247
0.852226
0.356319
-1.24173
-0.452638
-1.05327
-0.166308
2.69275
-1.04809
1.86834
-0.0593853
1.4374
1.16429
1.97212
-0.513159
0.61362
-1.39014
0.272776
1.11334
0.691698
1.17751
0.636515
1.00841
1.19875
1.38841
1.9989
-0.488617
0.0739957
2.34549
2.42801
1.15308
1.24612
2.69568
1.7904
1.97174
2.86538
2.10173
2.60615
2.38268
2.1798
1.58531
1.59645
1.66495
2.38007
1.93573
1.26633
1.80233
0.487529
0.167856
0.463025
0.470286
0.306437
0.820645
2.47113
1.19945
0.27191
-0.210652
1.3266
0.915419
-1.67933
1.10362
-0.531697
-1.91589
-1.74485
-0.717972
1.14911
-0.87891
-0.537103
1.1349
-0.999646
-0.852183
0.0936833
-1.47283
1.81397
0.569899
-0.153483
3.02236
2.18994
1.46388
-1.59656
-1.55861
-0.440503
-0.0231195
1.21439
0.104051
-1.11732
-0.62665
-0.845055
-0.450049
1.32589
-1.53213
0.653972
0.0476982
1.19712
1.96394
0.39038
2.78292
2.15064
0.107474
1.00431
0.0121692
0.0531183
2.43306
1.90005
2.26957
-0.355
-2.25943
2.40723
2.76008
-0.474339
-2.08527
2.65239
-0.00272735
-2.07422
-0.351804
-0.812753
0.235028
-0.34154
2.21143
0.757594
0.0253508
0.295142
-0.434568
-0.171296
0.580202
0.264464
1.2002
0.101925
0.375021
-0.99625
-1.26708
-0.565792
1.49566
1.49304
0.496518
-1.52387
-0.0357535
-0.450564
1.72369
-1.2427
-0.777402
0.304246
-1.75995
-1.07076
-1.60003
0.552086
1.6352
1.87091
0.620433
2.13602
1.92147
1.00135
0.203721
0.544084
2.15197
2.21184
1.89099
0.0952678
0.764765
1.28999
0.0815443
0.373686
1.4129
1.27078
1.64833
0.594238
1.25327
-0.504895
1.22736
1.78048
1.86115
-0.718335
-1.57473
2.16754
0.345051
-1.22747
-2.3739
-0.281106
-2.31731
-2.36417
-1.96719
0.439963
-1.77918
-1.71225
-2.36188
-1.44022
-1.28282
1.38792
-1.53643
1.16002
-1.18705
0.877692
0.896085
1.38396
-1.26631
1.0356
-1.80339
0.878537
0.875067
1.36895
1.91407
1.39828
1.7112
1.29413
0.673756
1.30158
-1.34088
-1.48709
2.04187
2.37564
1.25156
1.32258
2.6439
1.90168
2.75974
2.42633
1.85108
0.984261
2.67761
1.5365
1.7294
1.73233
0.985405
2.47467
2.63598
0.997872
1.42711
1.10562
0.110655
1.24174
0.861584
-0.0912703
1.19219
2.38877
0.573869
0.520589
-0.238462
1.25577
-0.336281
-2.0664
0.537838
0.187179
-1.81109
-0.931468
0.0576641
-0.0869282
-1.23846
1.01794
0.229783
0.491782
0.289923
-0.0217522
0.369565
0.709798
0.395249
0.882319
1.98535
2.14082
-0.916509
-1.18961
-1.18926
0.649632
1.21271
1.27876
0.528575
0.333208
1.26125
-0.0548634
-0.5278
1.92108
-2.17742
-0.89004
1.1307
1.34889
2.96783
2.45855
2.09073
2.54902
-0.744501
-0.0298635
-1.30875
0.165901
1.85162
2.19041
1.8099
1.42049
-1.65515
1.26938
0.074266
1.09553
0.551519
2.02871
0.652706
0.503007
1.87272
2.28149
1.28265
1.82732
3.21697
2.01231
1.00338
-0.482266
-0.180504
1.11894
0.921967
0.63931
-0.542543
1.1838
-0.70175
-0.495602
1.35917
0.201675
0.992471
1.0064
1.14939
0.838263
0.848866
0.254287
-0.136038
0.596256
2.10895
2.28581
0.26988
1.57493
0.584268
0.936824
0.196462
0.240185
0.26559
-0.154438
0.112666
1.17086
1.33654
-0.161563
0.465562
1.13577
1.59126
1.75995
2.83366
1.40268
1.88594
2.15966
2.87007
2.65192
1.35773
1.01931
1.80215
1.73344
1.23846
0.571659
-0.818223
-0.282741
2.41382
-0.0803641
0.491293
1.8776
1.17211
1.33052
1.48517
1.06637
1.43387
1.1426
1.43219
-0.477677
1.02917
1.03759
2.71108
0.991711
-0.765992
0.202423
0.456667
-0.667584
-0.430913
1.65248
2.10457
0.94667
1.22938
-0.315978
1.68913
0.305341
1.43648
0.455992
2.24714
1.20479
0.79232
0.923306
1.18345
1.55733
0.738176
2.71151
-0.164111
0.743193
1.25932
1.60579
0.919346
-0.111191
1.78034
1.18344
1.73282
0.308298
1.10009
0.920966
1.30173
2.09874
0.277105
3.04639
2.11481
2.61735
2.23522
2.48451
0.858091
1.23919
1.46719
2.00365
0.155303
0.400562
0.350045
1.38708
2.89818
3.15745
2.35862
0.359576
0.496648
-0.986029
1.43057
0.128051
-0.232756
0.550295
-0.505323
-0.0523519
1.49794
2.02512
-0.859715
0.172293
1.97834
2.54347
1.87841
1.35387
0.681247
0.632216
2.4501
2.38753
2.59034
2.63592
2.94169
2.02243
1.93188
1.93728
-0.0811164
1.94314
1.832
2.12784
0.881551
-0.866861
0.983492
1.65966
2.563
0.576979
1.15245
0.487747
1.4409
1.60384
0.0312246
2.33786
0.443722
2.65323
-0.643017
-1.00791
0.963227
2.10629
1.8998
1.16973
2.21981
1.33106
1.71462
1.93059
3.30518
0.222712
1.19318
0.694632
-0.487336
0.552431
-2.52158
-1.36054
-0.697082
0.665927
2.63095
1.63455
-0.00188526
1.39714
0.938285
2.70642
1.95665
-0.112526
-0.270013
0.276987
1.14248
1.91676
1.19459
-0.0244645
1.35426
-0.0420948
1.95894
-1.77307
0.972038
-0.599162
0.756227
1.80285
1.17716
1.75985
2.13355
1.44636
0.0105578
-1.26815
0.897864
-0.548489
1.58744
0.756647
-0.131622
1.57679
0.706011
0.038511
0.810167
0.0625444
1.87105
1.14284
2.00605
0.893626
2.61292
1.26725
1.86569
2.97593
1.83821
1.00019
1.61817
1.448
2.13745
1.40337
1.56879
1.17118
1.65699
0.760934
1.71803
0.658002
1.44725
0.989274
1.33702
0.752776
0.301313
0.763259
0.76045
-0.990676
0.96257
0.282023
1.79821
1.01582
1.84516
1.87224
0.645573
-0.0174328
0.829614
1.05906
0.539828
1.7021
-0.484273
1.11173
1.6179
1.78371
3.53406
0.872642
1.34029
2.03843
0.149016
2.20236
0.521499
2.89931
-0.836743
0.391999
0.922752
2.3055
-1.96226
0.285504
0.864735
2.51412
0.790923
1.77065
0.0397526
0.321783
1.58302
2.56401
0.145114
0.902567
0.517134
-0.178029
-2.20403
0.31886
-1.45124
0.973976
2.38126
2.26209
0.984547
0.860687
1.22595
1.00877
1.32756
1.6503
1.41932
1.06173
0.340098
1.45723
0.859702
1.7718
2.15272
1.64908
1.26865
0.478135
0.692518
0.524271
1.72267
0.81856
-0.162192
1.29759
-0.58628
1.5226
0.707723
0.483866
1.80656
0.159687
1.2317
1.04792
0.360071
1.1333
1.32701
2.36413
2.04065
1.86401
1.66961
1.76831
0.916586
0.510557
-0.54957
1.74892
0.82005
1.74842
1.11738
0.561313
2.18616
1.35235
