-0.0164131
1.60767
-1.65458
0.575995
-0.637406
0.146002
0.0445868
0.904106
0.542487
1.1957
1.09625
1.56601
-0.340384
0.401365
0.591368
0.593412
0.591827
-0.1233
0.446357
-0.37576
0.536041
-0.7324
0.167199
1.34189
-0.968247
-0.31584
0.926097
2.83561
0.840209
0.288531
1.35722
0.0355287
-0.888398
-1.21563
-0.748974
1.55512
2.26972
1.09232
0.294836
1.9148
1.80623
0.222523
1.56253
1.06158
-0.516118
0.820468
1.0479
0.49919
0.902342
1.8061
1.14338
1.2798
0.788891
1.64604
1.55531
1.10143
2.46916
1.82922
1.0537
0.572483
-0.130556
-0.298839
0.405964
-0.272417
-1.86923
-0.962503
-1.09172
-1.04838
-0.0354215
-1.43018
-1.08491
0.52286
-0.373206
0.299832
-1.10211
-1.54105
-1.22508
0.368639
-1.39549
-0.576403
-1.90026
-1.03483
-1.00359
-0.554213
-0.301716
-1.55951
-1.03246
-2.46631
-0.956152
-2.02175
-1.61742
-2.8002
-2.05695
-1.48519
-0.303106
1.02607
0.251339
-0.315281
1.09723
2.13091
1.87201
1.45212
1.38264
0.466947
1.69874
1.65051
0.513483
2.07228
0.805238
1.34951
-0.521242
0.951704
1.75454
1.69307
2.01458
0.950568
1.32562
0.692507
0.447766
0.095789
1.74869
1.03486
-0.0399285
0.385742
1.48381
2.38966
-0.0140977
0.779342
0.295697
-1.24392
-0.493304
-1.75906
-1.84475
-0.210953
0.297578
0.552732
0.071884
-0.703095
1.86064
1.45804
-1.42456
0.543697
-0.862242
0.668098
-0.630544
1.78308
1.45356
2.04222
0.804167
-1.21215
-1.1624
-0.504015
2.39873
0.98353
1.11267
0.60509
0.581666
1.37478
-0.590354
1.64565
-0.453875
1.91205
0.679938
-1.00769
-2.07243
-1.58455
1.80691
1.93158
0.909812
-1.72487
-1.11639
1.10338
1.32786
0.430041
1.61647
-1.30096
-1.36442
1.02766
-0.569196
-0.460431
-0.200765
2.07626
-1.76205
0.00990382
-0.209127
0.564038
0.933357
1.63237
0.728665
1.16076
1.30399
1.52512
0.460878
-0.997683
0.40795
0.612967
0.743801
-1.32884
0.962022
-1.16415
-0.114826
-0.921066
2.82661
1.59963
-1.03572
0.0815587
0.894156
0.101046
-1.43748
-1.1809
1.27543
0.072448
-0.726012
-1.35918
-0.319546
1.19243
1.84898
2.05349
1.33113
0.676226
1.6571
0.953362
1.21214
1.11403
0.670125
1.01893
0.823513
0.957418
1.68582
1.02393
1.12446
1.77423
0.989184
1.092
1.9575
2.13286
2.08956
0.155165
1.11274
0.387981
-0.766364
-0.967798
-2.31151
-1.72951
-2.37144
-1.573
-0.204062
-0.564004
-1.23266
-0.520241
-1.4303
0.164427
-0.781313
1.62328
-0.417425
-1.2114
-3.10947
1.13659
-0.569544
-0.493699
-1.80913
-2.43057
-2.47116
-1.20919
-1.3929
-0.567503
-1.00469
-2.22783
-0.829619
-1.59975
-0.923904
-2.61639
-1.59176
-0.924905
-0.718537
0.806432
-0.0173918
-0.32575
1.12658
1.52919
2.3354
3.00686
2.2777
1.99711
1.77934
2.01318
-0.0106488
1.34894
1.14133
2.43145
-1.1476
1.8365
1.83176
3.32623
2.38441
0.142078
1.0741
1.02669
0.597872
-0.0394514
0.960769
0.870529
-0.892722
-0.7183
0.499054
1.55244
-0.602402
0.936569
1.2461
-0.715736
-0.19276
-0.761702
-1.40151
-1.73458
-0.858116
0.377406
-0.563405
1.05978
1.08873
-0.624921
-0.136762
-0.210833
0.133948
-1.24907
-1.51678
0.256354
-0.19627
1.21905
-1.20511
-0.874729
-1.17712
-0.776227
1.64593
1.15952
1.36685
1.48214
1.37768
1.50265
0.520481
1.29577
-0.925531
0.828568
0.157642
-1.07077
-1.78769
-0.505811
1.76621
2.134
0.347825
-1.34483
-1.4507
0.470934
2.12448
1.17989
0.0966223
-0.66278
-1.02292
0.578304
-0.260264
0.621951
-1.555
-1.07208
-1.32237
-1.50013
-1.75168
-0.130751
0.0146872
1.33727
1.21524
1.62394
1.02156
0.149552
-1.89615
-0.969621
0.743406
-2.30121
-2.07529
0.704343
-1.46205
0.145369
-0.0362985
1.71222
2.80289
1.1616
0.646914
-0.433815
0.442205
0.557202
-0.179469
-0.35126
0.0275982
-0.289569
-0.733258
1.44864
0.192266
2.37437
0.0502174
0.574209
0.230674
-0.946702
-1.22004
1.70883
1.28703
-0.251793
0.804051
-1.72721
1.33064
-0.35206
0.979647
0.292306
1.10465
2.93163
-0.596175
1.99631
0.145651
0.177199
1.0746
0.538541
2.23353
-0.0214397
-0.090357
-0.292667
1.60313
0.860282
1.24444
1.23101
1.89319
0.148441
-0.692768
-0.0583541
1.08968
1.59796
1.89216
2.16646
1.56067
1.02906
1.41525
1.57382
0.865648
0.676774
1.03812
0.565206
0.694213
0.378491
1.62334
0.892289
0.669786
0.384622
0.740871
1.42998
0.411849
-0.49067
1.27173
1.24543
1.91143
0.089895
1.49957
0.613712
1.94676
0.546227
-0.528399
-0.455616
1.07139
1.55314
-0.150055
0.22925
0.455297
0.988544
0.979293
-0.371304
0.199417
0.0668485
1.02602
0.425692
0.266904
1.61788
2.41691
1.28016
1.42424
1.09918
-1.40824
-1.18239
-1.2718
0.156382
1.80298
1.25048
0.580023
-1.35636
0.243694
-0.521425
0.817749
1.2583
0.978006
1.49893
-0.131643
0.0924804
0.655622
0.601914
0.861334
0.758143
-0.0416549
0.232144
0.113116
0.793017
2.42913
1.63284
1.35926
0.963123
2.39261
0.773798
1.29031
1.29226
1.85113
1.3113
0.99373
1.90433
1.28828
1.48141
0.924187
1.36477
-1.04323
-0.117457
0.120418
1.71378
0.754591
1.81155
2.29167
1.18775
0.364007
0.855904
2.04076
0.979845
0.160075
0.476374
0.835471
2.17256
2.18152
-0.470246
0.268286
0.637616
0.707332
0.580697
1.1739
0.395612
0.670717
0.240147
-0.503713
0.217836
1.55466
0.712408
0.450261
1.07006
-0.757522
0.956427
-0.0336635
-0.0729287
1.08854
-0.0994144
0.541777
-0.122247
0.344925
1.08101
1.37867
-0.953597
2.19427
0.89151
-0.811631
-0.194151
0.6393
0.410693
1.30164
0.631092
2.43865
0.0210216
0.646919
0.319882
-0.483303
-0.447064
0.75894
0.914294
1.09398
-0.678097
0.335533
-0.274107
-0.254653
-0.646457
1.50454
-0.00886972
-0.983237
0.644806
-0.529581
-0.366316
0.58738
1.27299
1.83911
2.07457
1.91401
-0.481593
-0.25577
0.0599261
1.44685
2.05833
1.88317
1.0505
0.316305
0.215413
2.75524
2.86601
1.80859
2.28085
-0.664854
-0.723874
1.23757
0.0296374
-0.0201478
0.696196
-0.452999
0.70742
0.369123
-1.61571
-0.116688
-0.66981
0.900356
1.06577
1.34234
0.0969818
0.889482
0.176231
0.406993
1.30946
0.901283
1.14811
-0.0326387
0.996781
0.19064
2.09168
-1.83998
-0.788758
0.266196
1.83277
-1.56597
0.232798
-0.483014
0.50914
-1.78441
1.01851
0.383322
-1.36541
0.132259
0.440003
0.208025
-0.488053
-0.291324
0.565975
1.40448
0.734019
0.539969
0.142228
0.39866
1.63639
0.243223
0.551719
0.350347
-0.614189
0.948888
1.52279
-0.113514
0.0695449
1.30694
1.51764
-1.6587
0.175765
0.44337
0.40827
2.08095
0.918468
2.07672
0.672443
0.83955
-0.3891
1.55531
-0.234108
1.15697
0.0443854
0.817681
2.09019
0.56957
-0.0942781
-0.584384
1.85709
0.975608
0.409235
2.08969
0.715469
0.735616
0.361881
0.186505
1.91455
1.72798
0.115409
1.96238
-1.30415
-1.74564
0.0264581
0.0718324
-0.0683873
0.813216
1.78401
0.810591
1.64278
0.859284
0.920637
0.728033
2.96328
1.42791
1.48639
2.27583
1.53617
