-0.635136
-0.610004
-1.01736
-0.616381
-1.04067
0.0458029
-0.395107
0.525773
2.11381
1.31122
1.67167
2.70633
-0.894451
1.07808
0.0651887
0.625258
1.50247
1.44076
0.746496
0.0775193
-0.0505419
-0.314109
-0.0887435
0.100274
0.692038
0.709663
1.18608
2.26766
2.11912
1.86696
0.860583
1.61405
1.75618
0.775537
0.385752
0.481641
0.17499
0.863162
-0.214661
0.778731
0.384934
-0.546352
0.57356
-0.172609
-0.643247
1.59782
0.775937
-0.178796
0.232354
1.56379
0.950951
-0.135196
1.66429
1.3537
-0.0405611
-0.106078
1.7096
2.32707
-0.239746
-0.253716
-1.00004
0.404749
2.38314
-0.633029
0.48557
-0.764206
0.575606
1.20522
0.323477
0.952814
1.33304
0.840897
1.49032
0.689661
0.974209
-1.16001
0.456548
1.44698
0.552177
1.18102
1.21836
0.221748
0.536467
0.557941
0.442214
0.0319192
0.812555
-0.233839
-0.505915
-0.990913
1.27182
-1.31611
-1.00668
-0.611611
1.08058
0.150516
1.43821
0.9171
-0.159869
0.414043
1.62824
0.747075
0.188982
0.266162
1.00582
-0.141229
-1.3505
-0.0277436
-0.388041
-1.06706
-0.0476836
-2.70275
-0.435388
-0.919931
0.677078
1.66556
0.446561
0.10393
1.39507
-1.26997
-0.289206
-1.5423
-1.71426
-0.356605
0.248609
0.757591
-1.50048
0.475041
-0.315395
0.0649329
-2.4134
-0.911147
-0.487738
-1.19132
-1.72765
-1.23051
-0.886651
-0.413426
1.49018
0.524754
-0.378382
-0.333868
0.106213
1.08113
1.11213
1.45592
1.18693
0.808541
1.04348
1.17803
0.393371
0.0189286
0.478485
0.161198
-0.437463
0.111087
0.189295
0.654004
0.927017
-0.229383
0.336641
1.1431
0.962881
-0.702766
-0.416944
-1.23003
-1.09739
0.923201
0.90068
0.0497702
0.109044
-1.67314
-0.317649
0.193067
0.361846
-0.600754
-0.350508
-1.49517
-0.904423
-0.763054
-0.524502
0.42832
-1.0258
-0.540278
-0.714844
-0.23838
0.0305812
0.529669
2.0133
-0.191177
1.09225
0.458679
-0.365894
0.941778
-0.368967
-0.0954233
1.29251
0.113922
0.909749
0.545087
0.723507
0.227386
0.574792
1.14272
0.989655
1.13233
1.29592
3.06028
1.42597
1.71027
1.05952
1.91566
1.73189
1.28272
1.62092
0.105523
-0.429282
0.840537
-0.309162
1.04377
0.791648
0.28803
0.338061
0.0736355
1.14257
1.18884
1.10402
0.677442
1.28996
0.406615
0.0321835
0.0610298
1.36622
0.442682
1.02288
0.665538
1.52559
1.80309
0.119831
-0.228716
-0.348586
1.16238
1.31809
-2.0599
-0.636484
-0.32148
1.23136
1.59955
0.212248
0.648208
0.65497
1.41077
0.929986
2.38778
0.701192
0.217622
-0.302585
1.42619
0.654952
1.38771
0.72204
0.408474
-0.331634
0.365989
-0.0671582
-0.264762
0.247577
-0.168425
-0.966231
0.170183
-0.587183
-0.792102
-0.92196
-0.336724
1.06728
0.285236
0.735323
0.793157
0.114439
-0.471245
1.46953
1.10178
-0.0955115
1.09123
1.35158
0.184141
-0.387176
0.666755
-0.196363
-0.155868
-1.16028
-1.50809
0.626743
-0.156008
0.789737
-0.149175
-0.215519
-0.238393
1.64208
-0.957083
1.29967
-0.0979806
-0.832641
0.200172
0.30876
0.226504
-0.5517
-0.0372095
-0.232974
0.4606
-1.00729
-1.02227
0.0970121
-2.15757
-1.123
0.496135
0.38911
0.727569
1.94395
-0.548093
-0.759028
-0.659879
-0.0222732
0.581556
0.884106
0.734109
0.108311
1.06625
0.912645
0.998653
1.13839
0.42289
-0.0869481
0.654773
0.511085
0.521134
1.08251
1.50335
-0.721553
0.596018
1.45505
2.5269
0.290901
0.672424
-0.950937
-0.674968
-0.463586
0.257762
-0.448019
-1.25606
0.504483
-1.35408
1.07169
2.1167
0.0354192
-0.53569
-0.0239669
-2.02182
-0.29754
0.756805
0.770131
1.22662
0.517059
0.0450459
0.102822
0.293589
-0.897477
0.393845
0.123691
-0.222975
-0.11759
0.675858
-2.06391
-1.16795
-0.677681
0.015105
-1.74451
-0.310174
-0.209167
-2.31035
1.03064
2.08382
-0.44432
-0.951274
-0.870957
-1.04381
-1.80518
-1.11366
-0.597086
-0.250872
-1.63257
-1.04116
-0.247607
-1.44653
0.766105
2.04962
0.129518
-0.364486
-1.11837
-1.2147
-0.368859
-0.232136
-0.345338
0.234629
0.600122
-0.603943
-0.965312
-1.7077
-0.48748
-0.359374
-0.816583
0.645692
0.679584
0.213534
-0.872973
1.19932
0.643626
-0.621133
1.2769
0.342674
-1.79844
-1.93859
0.253335
-0.400071
-0.00475934
0.0206929
0.570507
0.721466
-1.36758
-0.159205
-0.178706
0.66271
-1.37013
0.270831
0.573207
-0.186948
0.405987
-1.04638
1.38629
-0.0769906
-0.601627
-0.926783
0.262518
-0.671417
1.05798
-1.16417
0.402697
-1.92687
0.422072
0.378442
0.369126
-0.936371
0.242783
0.139683
-0.583188
-0.116389
0.260633
-0.490877
0.801401
-1.18442
-1.37828
-0.662238
-0.461412
0.318938
-0.887008
0.462141
-0.742771
-0.360722
-0.464443
-0.129805
-0.281195
0.630071
0.206202
-0.194136
-0.333501
-0.444998
0.550184
0.176768
0.570711
0.730711
-0.168093
-0.231555
0.757111
-0.769814
1.175
-1.68476
-0.387987
-1.61036
0.276896
-0.62036
0.939822
-0.403694
-0.475801
0.172134
-1.07557
-1.115
0.186177
0.500128
-0.410096
1.36772
-0.589508
-0.458648
-1.04289
0.877577
0.0663271
-0.881252
0.141392
0.602345
0.271234
-1.05367
-1.05997
-0.462637
-0.988173
-0.309894
-0.496868
1.00546
0.339602
0.244941
-0.644237
0.549483
0.960913
0.73727
-0.112565
0.468834
-0.288445
-0.383394
-1.24835
-0.966521
-0.367844
0.0869442
-0.404768
0.903525
1.04885
-1.05611
-0.682475
1.31282
0.369876
1.15355
0.699124
-1.04938
0.103574
0.82045
-0.00539608
-1.03599
-0.832632
-0.501878
-0.344143
0.699617
0.438907
-0.981662
0.268151
-0.690176
-1.51952
-0.521374
0.70074
-0.110602
0.0110732
-0.973695
-0.411
-1.68035
-0.562215
0.158996
-0.350126
-1.41177
0.750606
-0.115029
-0.40734
-0.355771
-1.35589
-0.729805
0.71477
0.53217
-0.230903
-1.18053
0.378
-1.38331
-0.947767
1.0981
0.114273
1.01681
-0.385033
-0.92073
-0.937717
-0.349746
-0.4241
-1.77733
-1.16823
-1.41126
-2.37905
-0.0738301
-0.424873
-0.537642
-1.35345
-2.20697
0.534083
0.243032
-0.226363
-0.340235
-0.202279
-1.28814
0.514178
-0.256313
0.0564113
1.00442
-0.0419876
-1.59157
0.574283
-0.318235
0.124727
1.33357
-0.500115
-1.3012
-0.0476393
-1.38175
-0.225946
0.108148
-1.04937
-0.141756
-0.215536
-0.146298
0.0802148
-0.0721119
0.0132177
0.937051
-0.246555
-0.631143
-0.390653
0.952458
0.318972
1.69693
-0.959463
1.42133
0.758753
-0.282726
-0.528852
0.775532
-1.23724
-0.376727
0.981051
-0.290541
-2.14308
0.449246
-0.175404
0.300393
-1.0217
-1.27794
-0.943243
-2.12985
-0.579634
-1.63872
-0.569144
-1.3722
-1.63221
-1.00972
0.643972
-0.31999
-0.675156
-0.637299
-0.214797
0.713984
-0.964528
1.01763
-0.455576
0.1604
0.695375
0.6283
-0.616697
0.468215
-0.17221
-0.703246
0.353121
-0.347365
-0.251186
-0.170964
-0.232605
-0.540027
0.214519
0.0750956
-1.20633
-1.45967
1.21762
-2.12428
-0.247627
-0.557045
0.588489
0.252197
-0.39489
-1.32413
-0.0491995
1.10347
-0.0216553
-0.535758
0.845407
-1.07461
-1.40712
0.722272
0.36853
1.31046
-0.202233
0.745752
0.890179
-0.448352
0.279702
-1.3586
-0.939094
-1.55452
-0.49695
-0.421865
-0.979642
-0.485246
-0.180548
0.820469
-1.04528
-0.550175
-0.679689
0.0899965
-0.733001
-0.950438
