0.346873
-0.682831
-0.282807
-0.442774
-0.642875
-0.0321772
-0.514893
0.946309
1.8195
0.988898
1.63772
2.20247
-0.50664
0.780786
0.0113471
0.725932
1.7608
1.83306
1.5838
0.818431
0.617537
0.336814
0.565278
-0.248561
0.79911
0.140958
1.33907
1.99278
1.60858
1.29676
0.992366
1.0818
1.92454
0.638321
0.465466
1.31712
0.308268
0.591818
0.39752
0.766967
0.0695619
-0.300007
0.384125
-0.0349262
-0.370239
1.68357
0.949239
0.311027
0.222789
1.17094
1.35321
0.262564
1.58822
1.1829
0.146218
-0.179031
1.24298
1.61125
-0.506574
-0.628491
-1.29062
-0.0908777
1.63006
-1.32628
-0.282374
-0.354015
0.0524304
0.867542
-0.00101021
1.24208
0.949017
0.380621
0.868055
0.213546
0.229246
-0.871891
0.246977
0.998473
0.138085
1.19867
0.85197
-0.42464
0.310158
0.454047
0.189098
0.194199
1.19377
-0.622183
-0.651512
-1.4234
1.1719
-1.25813
-1.01013
-1.09335
1.15078
-0.356258
0.912676
1.07525
-0.506543
0.45363
1.09338
0.0152325
-0.592958
-0.504318
0.496277
-0.489521
-1.43104
-1.09423
-0.857641
-1.62284
-0.681432
-3.62283
-1.02316
-1.62483
-0.208954
1.49418
0.386415
-0.274238
0.790529
-1.81983
-0.315473
-2.06679
-1.2057
-0.407533
-0.18036
0.113357
-0.996408
0.236469
-0.27975
0.533054
-2.58005
-0.850407
0.0903125
-0.652427
-1.48183
-0.866772
0.0824984
0.199727
1.04305
1.25576
0.968067
0.146182
1.08737
0.535527
0.815241
1.8403
0.849518
0.247692
0.443071
0.59576
0.149909
0.828547
0.253972
0.949546
-0.0776599
0.478564
0.368866
0.355485
1.7886
0.214206
-0.01132
1.44069
1.09455
-1.4029
-1.51628
-1.96582
-1.43618
0.491454
0.330879
-0.41958
-0.407161
-1.66858
-0.849937
-0.318477
0.784089
-0.336503
0.0586368
-0.981503
-1.27868
-0.623745
0.0888359
0.203005
-0.611061
-0.40249
-0.640367
0.127588
0.0826301
0.806066
1.56495
-0.501071
1.2329
0.56239
-0.046891
0.533095
-0.472181
0.000577873
1.34414
0.926397
1.46581
1.1284
0.983067
1.01749
0.946983
0.669891
1.21136
0.377514
1.37491
3.35196
1.22507
1.40241
1.30581
1.19995
1.68339
1.24038
1.39948
0.889143
-0.344537
0.231292
0.244597
1.29126
0.519751
0.364409
0.520665
-0.128407
1.20153
0.972942
1.29802
1.09384
1.3154
0.939561
0.569282
0.0374382
0.873711
0.992156
1.02314
0.821157
1.02184
0.971964
-0.764547
-0.442933
-0.54429
1.2253
1.47034
-2.51761
-0.706883
0.0813535
1.63784
1.23404
0.46246
1.25491
1.18133
0.911795
1.17977
2.12874
0.671918
0.230468
-0.157016
0.877389
0.864728
1.56468
0.251357
0.0419677
0.0943173
0.267173
0.226283
0.117435
0.255344
-0.471981
-0.857612
-0.699248
-0.366812
-1.10296
-0.59996
-0.824666
0.567104
-0.0927405
0.194849
0.891828
-0.278998
-0.246982
1.3744
0.630491
-0.464694
0.570037
1.18152
-0.421742
-0.516154
-0.220549
-0.735323
-0.476021
-1.61281
-2.24101
0.312035
-1.19603
0.474824
0.0722623
-0.0372584
-0.571478
0.124855
-1.78782
1.12615
-0.498507
-0.271414
-0.374706
0.625221
0.188607
-0.360931
-0.582513
-0.557855
0.46336
-1.35458
-0.847375
0.276103
-1.46941
-0.86052
1.0173
0.639974
1.34888
1.91824
-0.0505465
0.639424
-0.0757227
0.0765638
0.219659
0.624046
1.28085
-0.126045
0.873987
0.652307
0.701493
1.00069
0.516349
-0.201185
0.700086
0.334494
-0.414871
0.375172
1.56626
0.474433
0.856111
1.35271
1.98191
0.399882
0.0216797
-1.83149
-1.08379
-0.782838
-0.212852
-0.583809
-1.44696
0.0962436
-1.41485
0.303932
0.899669
0.0857047
-0.673424
0.211454
-2.25124
0.0246142
0.189079
0.508147
0.316465
-0.0751535
-0.253267
-0.451663
-0.822288
-1.43516
0.244115
-0.821383
-1.16664
-1.54261
0.284651
-2.16007
-1.12032
-1.17569
0.121291
-1.67361
-1.61973
-0.643969
-1.80906
0.119062
0.688186
-1.12239
-1.21707
-0.763315
-1.33425
-1.76617
-2.04596
-1.1295
-0.082255
-2.11046
-1.39223
-0.286972
-2.01982
-0.460491
2.10495
-0.178635
-1.24191
-0.628594
-0.783075
0.124438
-0.96628
-0.903042
-0.727337
0.233746
-1.4838
-0.788801
-1.93438
-0.886871
-0.896002
-1.58593
-0.417983
-0.153099
-0.636437
-1.17767
0.946899
0.280555
-0.861412
1.16344
-0.123959
-1.47326
-1.86349
0.120727
-1.14404
-0.466527
-1.26826
-0.503239
0.621457
-1.54574
-0.877884
0.178088
0.12925
-1.34059
-1.20188
0.104495
-0.540032
0.0179933
-1.62082
1.19191
-0.0623995
-0.993758
-1.21754
-0.328775
-0.905176
0.4991
-2.09416
-0.6939
-2.26874
0.1283
-0.219653
0.553582
-1.03208
0.135139
-0.18283
-0.264562
-0.653537
-0.827349
-0.678873
0.40274
-1.18716
-1.58946
-0.45076
-0.813319
-0.144666
-0.97409
0.385429
-0.906434
-0.834213
-1.54982
-0.616888
-0.498863
-0.0803334
0.00575606
-0.149738
-0.673055
-1.27834
0.0861816
-0.55365
0.451097
0.353162
-0.463166
-0.505648
0.567384
-1.79807
0.215496
-1.75846
0.253937
-2.47198
-0.641991
-1.32768
0.0634001
-1.03248
-0.05629
0.730845
-1.3064
-0.902796
-0.600833
1.03658
0.474626
0.932352
-1.07824
-0.470993
-1.31983
-0.167821
-0.403708
-1.28228
-0.191497
0.259311
-0.0944506
-1.7525
-1.73308
-1.36575
-1.98384
-1.13785
-1.32766
0.828482
-0.0257975
-0.0741721
-0.0609364
0.0336757
-1.02582
-0.892175
-1.32069
-0.0439237
-1.04306
-1.17952
-2.46652
-0.455563
-0.061084
0.35858
-1.24178
0.881798
0.57851
-0.863588
-0.666447
0.644107
-0.47608
0.64039
1.2478
-2.00631
-0.482376
0.722989
-0.374793
-1.90461
-1.20551
-1.6552
-0.95485
0.596901
0.451842
-1.35284
0.371016
-0.63134
-1.1395
-0.315974
0.531153
0.426587
-0.0505264
-2.56684
-0.721281
-1.13939
-0.483094
-0.389744
-1.10941
-0.806524
-0.276699
-0.603515
-0.875477
-0.514123
-2.26919
-0.63449
-0.648433
0.24048
-0.949037
-1.63323
-0.0936485
-1.13083
-1.7082
1.02905
-0.836051
1.36333
-1.36026
-0.959705
-1.42002
-0.125504
-0.885545
-1.19851
-2.23154
-1.87715
-2.11213
-0.559359
-1.18072
-0.331103
-2.37703
-3.24022
0.385472
-0.72491
-1.09794
-0.397686
-0.890947
-1.75486
0.189781
-0.536237
-0.730299
0.616649
-0.380412
-2.14525
0.303052
-1.31463
-1.08457
-0.0941185
-0.807515
-1.83633
-0.41188
-1.56859
-1.10665
-0.221329
-0.924782
-0.553807
-1.1554
-1.29673
-0.39937
-1.15661
-1.1087
-0.442645
-0.37435
-0.322223
-1.12136
1.23273
0.200195
1.59658
-1.24147
0.973425
0.435134
-0.145243
-0.801372
0.143383
-1.65425
-0.557556
-0.809274
-0.863331
-1.88074
-0.0959679
-0.208742
0.000248922
-1.00394
-1.56757
-1.00634
-2.23364
-1.17222
-2.11224
-0.298516
-2.1667
-1.27969
-1.74974
0.0527122
-0.587613
-1.17393
-1.182
-1.16558
0.160445
-1.57561
0.186363
-1.62331
0.310116
0.192468
-0.20307
-0.944052
0.710776
-0.654499
-1.19697
-0.51152
-0.59109
-0.820877
-1.43562
-1.63739
-1.45822
-0.610251
0.458607
-0.765304
-2.09056
0.363594
-2.25167
-1.04172
-1.57153
-0.421603
0.11535
-0.120799
-1.29175
-0.529486
0.788153
-0.49458
-0.830811
0.0685938
-1.69893
-2.1218
0.452185
0.228966
1.06724
-0.623301
-0.0870131
0.69592
-0.571845
-0.107696
-2.23993
-1.49289
-2.02176
-0.852695
-0.92
-0.635127
-0.86071
-0.860513
0.602986
-1.90464
-1.63013
-1.62079
-0.525876
-1.39099
-1.6956
