0.677646
0.0655623
1.73531
0.419987
1.15729
-0.297475
-0.258646
-1.53525
-2.57117
-1.83371
-1.63051
-2.15615
0.342938
-0.838465
0.0371731
-0.286453
-0.805673
-0.691354
-0.224909
0.434079
1.36452
1.70667
1.08759
-0.527467
-1.13839
-0.708524
-0.704911
-2.16193
-1.0476
0.324694
-1.25075
-0.652963
0.00464969
0.693033
1.26099
-2.18679
-2.09766
-1.87784
-0.725407
-2.02824
-2.08637
-0.988045
-1.45293
-1.14319
-0.400241
-1.41415
-1.96474
-0.880496
-1.59426
-2.63058
-2.07886
-1.2939
-2.6266
-2.19799
-1.52722
-0.868051
-2.53888
-2.81253
-1.41431
-0.41972
1.65831
0.450101
-0.912809
1.01888
1.21934
0.506268
1.08127
-0.0131024
-0.100955
-0.044546
-0.658789
0.168104
-0.595687
-0.40132
0.22716
1.98933
0.475682
-1.47298
0.803541
-1.00258
-0.838195
-0.580662
-0.97333
-0.396338
-0.0254409
-0.273575
-0.0419398
1.81211
1.16188
1.50375
-0.163642
2.21011
2.08948
1.44016
-1.41675
-1.37635
-1.07333
-0.196643
-0.919931
-2.74044
-3.19868
-2.19552
-0.720204
-1.11935
-2.65722
-1.50734
1.30067
-2.20579
-0.843837
1.1977
-0.47173
1.45786
-1.69973
-1.77738
-2.64766
-2.69333
-1.65345
-0.348985
-1.2887
0.905784
-1.31423
0.844073
1.85773
0.117453
0.121932
-2.47061
1.54235
-0.314602
1.42613
2.5202
2.60088
2.03941
1.67088
1.66638
1.70481
0.274355
0.881328
0.950092
-0.52981
0.945995
1.29685
0.0261449
0.869545
-1.48653
-0.59898
-1.72915
-2.6159
-3.243
-0.985714
1.06177
1.37943
0.0130168
-2.28426
0.116123
-0.844749
0.318263
-0.072001
-0.872403
0.465246
-1.40479
1.49192
-0.61899
-1.30493
0.232078
0.966143
2.14028
0.286667
-2.28579
-1.66141
1.00364
1.25813
0.570367
0.0828589
-0.127412
-1.16018
2.70323
1.56614
1.9902
0.277454
0.847309
0.484696
-1.36603
2.14288
0.605684
0.368701
0.090813
-0.418869
-2.27074
-2.94427
-1.22107
-2.34244
-1.25647
-0.221866
-0.57688
-0.0276583
-0.534332
-1.0117
1.0279
-0.430005
0.762437
0.353948
1.65876
-1.38485
-2.01179
-0.278782
-1.00154
-0.543597
-1.22562
-0.350192
0.308444
-1.67537
-1.12703
-0.516264
0.0842906
0.194747
-1.45161
-1.77088
-2.14894
-1.61691
-1.50767
-1.91881
-2.62144
-1.26279
-1.25759
-2.16454
-1.79328
-2.59373
-1.86203
-2.37488
-0.969009
-2.01722
-1.97687
-2.71535
-1.52181
-2.36632
-2.65384
-2.67886
-2.15487
-1.67489
-0.677069
1.05496
-0.535244
0.0386626
2.22737
1.92964
-7.7688e-5
-0.0018844
-1.07257
0.487234
-0.308607
-0.190618
-0.403688
-0.370957
-2.90811
-0.685157
1.23489
1.55734
-2.29932
-0.999716
-1.3949
-0.134331
-0.69464
0.391926
-1.24557
0.478775
-0.297698
-0.0672635
1.10805
1.32143
1.40137
1.37455
1.74939
1.56515
0.640324
-1.04777
-1.32248
-1.1541
0.216881
-1.16698
-1.59617
-3.3351
-2.94996
-0.722899
-2.44593
-2.98055
-1.67526
1.16851
-1.92203
-1.2059
-0.053011
1.14153
0.601398
-1.76946
-2.47773
-2.84523
-1.38138
-1.28284
0.0547393
-1.58372
0.670591
-2.28636
-0.404545
1.0596
-0.00575905
0.334159
-1.45443
0.0725088
-0.340188
0.423586
1.64527
1.58509
2.5017
1.75645
3.67766
1.89553
-1.10655
0.752847
-1.59827
-1.12651
1.7036
0.877524
0.0207995
0.0297806
-0.465881
-0.0325456
-0.867224
-1.68618
-2.65496
0.508373
0.539474
0.206333
0.102999
-1.8481
-1.24692
-1.67921
-0.139274
-1.09765
-1.07836
0.54495
-1.62728
0.906205
-1.43408
-0.740786
-0.0195355
1.95629
0.395472
-0.476117
-2.37613
-0.865416
1.80424
0.421522
0.841561
-1.28364
-2.13901
-0.287052
1.76626
1.56832
1.86742
0.030008
-1.3456
-0.16492
-0.559913
0.367955
0.814392
0.328683
-0.876823
0.306962
-1.98818
-1.36003
-1.8351
-1.32836
-0.70949
3.02842
2.1853
-0.854994
0.993231
2.9562
-1.77089
0.240861
2.15717
-1.58198
-1.56413
-0.437646
0.152383
0.2054
0.313346
0.605581
0.84894
0.846852
1.04694
0.683938
0.200673
0.91388
0.595898
-1.04314
-2.38402
-0.40099
-1.11463
1.12218
1.39946
0.0476576
-2.1509
-2.20073
-0.87834
-0.711522
0.727956
-1.7531
0.15942
-1.84275
-0.707366
-0.447536
-2.65786
-0.524322
-1.42684
-0.551916
-1.90517
-2.13334
-1.0427
-3.19056
-1.18183
0.168181
0.55651
-2.50281
-0.0272701
-0.865542
-1.19281
-1.26828
-1.47771
0.201413
-0.655736
-1.86813
-1.94498
0.455452
-1.40926
-2.24733
-0.487501
-2.95799
0.0595122
-0.961285
-1.9944
-0.512508
-0.812109
-0.342604
-0.615966
-1.70163
0.389898
-1.65752
0.685554
-1.33688
-1.91057
-1.69298
-1.13436
-0.445271
-1.25312
-0.789238
-0.281662
-1.25385
-0.266963
-0.683609
0.0959084
1.19422
0.58219
-0.690739
-0.854484
-0.0834153
-0.427086
-1.06811
-0.455417
-0.761291
-0.670365
-0.361702
-0.837089
-0.734987
-1.70005
-0.902742
-1.26334
-3.1413
-1.58309
-2.6526
-2.77984
0.533147
0.815359
-0.230236
0.398623
-1.63202
-0.0351687
-1.21879
1.16822
-0.0965778
0.443231
-0.763098
-1.0168
-1.11949
-0.931616
-0.244173
0.285434
-1.16026
-1.08572
0.470771
-2.21844
-0.593015
-0.465629
0.0285757
-2.36297
-1.11286
-0.774307
-1.8193
-2.60957
-1.96993
-0.304981
-1.07863
-1.73667
-1.55878
-1.25333
-0.767599
-3.21021
-1.63764
-2.44531
-0.920821
-1.54578
-0.37986
-1.27884
-0.913279
-1.36299
-0.793751
-1.25562
-1.61873
-0.323715
0.467832
-0.296248
-1.52747
-1.92561
-1.24065
0.255532
-0.812918
-2.53641
-1.74289
-0.0494123
-0.54849
-0.0044565
-0.821398
-2.20467
-2.17901
0.525696
-0.268384
-0.449639
-0.401895
-1.02406
-2.27969
-0.28681
0.514088
-0.144495
1.1084
-0.0920383
-0.715976
-0.321493
-1.20536
0.0715611
0.0529416
-0.0203529
-0.607452
-0.810432
-1.1023
0.365495
-2.02738
-0.68221
0.526113
0.837262
-0.402392
-0.130238
-1.21926
-0.743517
-1.56399
1.19058
-0.702895
0.817634
0.692848
-0.983683
-0.296467
-1.80636
0.283377
0.668007
0.429772
0.121537
-0.234432
1.58432
-0.560918
0.605532
2.81396
-0.75177
0.37661
0.574963
0.709682
0.757579
-1.38768
-2.07299
-2.36351
0.788316
0.128246
0.0755262
-1.80704
-0.899398
-1.27689
-1.61472
-0.838997
0.623323
-1.51848
-1.369
-0.958423
-2.30218
0.134083
1.3448
-1.80097
-0.214654
-0.74029
-0.957285
-0.034965
-1.02978
-0.219378
0.084471
0.00983082
-0.713604
-0.667621
-1.51514
-1.6494
-1.45822
-1.24879
-1.95073
-1.96826
-2.97181
0.217759
-2.58564
-2.38009
-1.34287
-0.850091
-2.52491
0.906248
0.225122
-0.755594
-1.63138
2.24119
-0.839934
0.61821
-0.20571
2.12539
-0.0492789
0.907229
2.0239
0.479476
0.431504
1.07586
2.32269
0.74487
-0.863129
-2.16156
-1.488
-0.860944
-0.808067
0.230772
-1.62996
1.02651
-2.30661
-0.416382
-0.447481
-0.612758
-2.30612
0.846654
-0.90408
-1.27042
-1.08855
-0.498038
-0.277639
-0.12282
-0.0809976
-1.69989
-0.700972
-1.8661
-1.88091
0.571606
0.268057
-1.58219
1.85969
-0.122857
-1.10084
-2.01768
-0.618746
0.970977
0.430362
-0.0761505
-1.32832
-0.215787
-0.609302
-2.34099
-0.209395
0.829158
-1.90025
-1.7074
-1.83096
-0.612915
0.0992666
-1.87907
0.620225
0.337071
-0.172947
0.193127
-0.162148
-1.63411
-1.53229
-0.727155
-0.975429
-1.18303
-1.09451
-0.21559
-1.32362
-0.577677
-2.04122
-0.72172
-1.14419
