0.944113
-1.76167
-0.372118
0.651014
-0.0731231
-1.0928
-1.33199
-0.410791
-0.804911
-0.0876698
0.937219
0.480513
1.98298
1.25096
-0.0985171
-0.517647
-0.771049
-2.44599
0.602947
-0.444957
-2.45961
-2.38707
-3.48595
0.614211
-0.223157
2.67475
-0.206288
-0.855335
0.454878
0.352772
0.536206
0.8765
0.15148
1.15109
0.656883
-0.119597
-1.10902
-0.306308
-0.398962
-1.1586
-0.745274
-0.348547
-0.320371
-0.396194
0.629431
-1.60752
-0.911924
-0.304436
-0.814759
-0.198624
0.32716
0.617214
-0.735758
-1.25171
-0.294218
0.751627
-0.869005
-0.140331
-0.450998
-0.7467
0.877501
-0.705908
0.163154
0.206321
-0.0308335
0.779008
0.88335
-0.446678
0.022688
0.88393
-0.147409
0.122793
2.03556
2.0587
-0.358887
1.29826
0.349517
0.714565
2.05533
1.73094
0.274516
0.803862
-0.610268
-1.35546
0.0165052
0.801969
0.464863
0.122849
1.60156
1.38651
-0.308327
-1.7661
-0.761311
-1.82892
-0.473312
0.384621
2.13089
1.32912
-0.985246
-0.170579
0.286803
-0.295231
2.01615
0.810586
0.111078
0.711418
0.72952
-0.524812
1.52269
-1.62273
1.80356
0.380239
-0.391854
0.382036
-0.537889
0.775631
0.512191
-0.743127
0.748632
-0.180899
1.1866
-0.0136105
0.125546
1.11008
-0.248754
0.364721
-0.385211
0.522942
1.27891
-1.90657
-1.61018
-0.0957074
-1.92701
-0.972329
-1.03033
-0.897917
-1.60669
-2.41008
0.214953
-1.55637
-1.66576
-0.588541
-1.89548
0.49928
0.197956
0.744418
0.261875
0.815297
0.29554
0.0335268
-0.0743605
-1.43408
0.0881991
-0.0386392
1.07903
-2.95944
-1.30609
-0.327747
-2.18456
0.977972
-0.307515
0.149165
-0.415106
0.105328
-0.633478
-1.81039
0.794444
0.970931
-1.46718
1.26175
0.0900971
-0.917876
0.41352
0.577747
0.380205
0.599958
-0.929967
-0.964355
-0.593499
-1.31026
1.0127
-0.362056
-0.369448
-0.0786546
0.371671
0.578485
-0.376303
0.471426
0.252986
1.41207
1.40798
0.589849
1.37195
-0.211113
0.349343
0.237532
-0.0374996
-1.47736
1.07411
-1.80473
-2.759
-1.82412
-2.05068
2.00571
0.275363
2.18013
0.0746401
-0.973027
0.414262
0.597539
0.169826
1.67025
1.13998
1.5687
1.50086
-0.734591
-0.905415
-0.224214
0.461798
-0.928124
-1.72713
1.16513
0.0757343
0.0821456
0.0114691
0.481948
-0.00665739
0.703099
-0.0352953
0.0819704
1.18464
1.15527
0.745293
-0.428249
-0.0793385
0.708384
-0.342952
1.50405
0.443192
-0.702092
0.629853
-0.161795
1.13128
0.0632731
0.0099916
-0.190113
2.37062
0.480925
0.389231
2.45256
0.68702
-0.385876
2.66633
2.13745
-0.13503
-1.20166
0.586268
0.821141
3.12928
1.45876
1.93237
1.25645
-0.208196
0.0068822
0.759423
1.40106
2.23769
0.728708
0.561207
-0.325614
-1.58495
-1.29595
-0.0175811
-0.501034
1.93402
1.30613
1.92436
1.00398
-0.379286
0.815652
0.392495
-0.0752545
0.133454
1.50856
0.308238
0.911558
-0.508091
0.338775
1.09087
-1.3925
-0.201394
0.780872
-0.834257
-0.517191
-0.663188
1.19746
1.34268
-1.16335
-1.09872
-0.546331
0.608574
-1.62629
-0.153382
0.605749
0.192739
-0.489935
-0.592693
0.34015
0.856154
-0.0413821
-0.589437
0.407428
-0.213914
-0.462742
-0.958633
-0.460608
0.0935142
-0.611153
0.83819
1.31799
0.566557
-0.704849
-0.222701
0.791906
1.0619
0.323004
0.41998
0.113293
0.440009
2.12956
1.46232
-0.89177
0.742436
-0.107165
-0.0898658
-1.25395
-0.865986
-1.14322
-0.326922
-0.526996
0.278934
0.419062
-0.640118
-0.837197
-0.627306
-0.286916
0.6815
1.75898
-0.770237
0.389557
2.07048
-0.734818
0.4726
1.28646
-0.0804535
1.04653
-0.980643
-0.645108
-0.889615
0.804227
-1.11104
-0.47469
-0.76379
-0.434452
0.125251
0.767723
-0.926339
0.340129
1.94406
1.80199
1.49844
0.720826
-0.798699
-0.0979863
-1.45883
-2.37395
-0.0689057
0.650127
-1.13437
0.863992
-0.486569
-0.241796
0.736329
-1.66906
-0.145603
0.0151142
0.246886
-0.968253
0.0421187
-0.473212
-1.57012
2.47104
-0.759023
1.16403
-0.775692
1.72019
-0.366607
1.48459
0.587498
0.208646
1.27638
1.50825
1.42258
0.828209
1.41221
0.583697
1.27966
1.51696
1.44163
0.713869
1.3282
1.17651
0.394457
1.11233
1.74756
0.979875
1.44521
1.21437
0.731069
1.06249
1.97702
1.12265
2.11619
-0.32564
0.979055
0.740234
0.815536
-0.622788
1.87068
1.72331
-1.32901
-0.35578
0.0754474
0.881294
-0.844654
-0.354915
1.03613
-0.218408
1.53175
1.13382
2.34328
1.60259
0.821237
0.331909
0.653262
-0.257273
1.74514
0.553036
0.202368
1.45602
1.55769
3.12985
1.30265
-0.797812
-0.710111
-0.303957
0.208752
-1.6652
1.16673
0.765349
-0.100729
0.66188
-0.357621
1.20286
0.940694
-0.135166
0.388889
0.347851
1.63703
0.262459
-0.149901
0.86099
0.602802
1.40033
-0.461788
1.10245
0.4073
0.663118
1.28734
1.46805
0.269011
0.715182
-0.45107
0.302994
0.670302
1.8191
0.0384972
1.79785
2.29595
1.12154
1.53207
-0.837981
-1.14554
0.594618
0.165667
-1.90974
-1.24237
-0.450384
-0.930239
0.620809
1.03289
0.558403
0.391795
0.543522
0.146794
0.633515
0.711562
0.654256
1.52028
2.35361
1.15494
1.68327
1.2746
0.872666
0.699749
0.992415
-0.514026
1.08928
0.95191
-0.374819
-0.555121
0.848763
1.57553
1.42801
0.361714
0.415279
1.04991
-1.33154
1.29085
-1.40186
-0.122943
-0.929849
-0.929044
-0.591002
-1.87312
0.734149
0.0766719
-1.44274
-0.0823862
0.861786
1.44913
1.06936
1.67747
-0.229028
0.0103063
2.98986
2.03944
-0.29914
-0.213328
-1.39979
0.264752
0.139534
0.365342
0.0395941
0.514243
-1.4604
1.1902
0.526095
-1.04475
1.05347
0.624566
2.16036
0.194104
-0.398855
0.257045
-0.485589
2.57859
2.07396
-0.340184
-1.47546
0.715183
0.717226
-1.19378
-0.48718
-0.115991
0.682589
-0.98653
0.741271
-0.339664
0.874905
0.785436
1.22671
-0.798499
-1.4784
0.601252
-0.212715
-0.4491
0.681593
1.03022
1.16723
-0.561323
0.501165
0.0633048
0.491994
-0.486474
0.657252
0.900215
-0.262292
1.61417
0.483622
2.11842
0.671775
0.699221
1.0203
1.6597
2.2676
1.68068
2.58912
0.0520808
0.934267
2.03909
0.766008
0.87284
1.88643
-0.0411813
0.028717
0.431786
0.613914
-0.156373
1.81366
0.197884
0.750877
0.753773
0.736148
1.41206
0.700971
0.28026
1.80654
1.34686
1.00592
1.22354
1.08287
1.87594
1.28166
0.706528
1.74697
2.01874
-0.140983
-0.0328634
0.761427
0.661617
1.77998
2.00994
0.576741
-0.980492
-0.307702
-0.619927
1.98412
1.35623
-0.323766
-1.59303
-0.160269
0.427784
0.88877
0.411623
1.19342
0.44944
0.303831
-0.724333
0.473041
-0.607666
0.701552
1.49376
0.343247
-1.05633
0.772051
-0.453314
-0.962363
-1.31662
-0.528497
-0.0450929
-0.138906
0.0793547
-1.25429
0.923768
0.842185
2.10048
-0.479856
-2.09669
-0.126968
-0.273158
0.706582
-0.816937
0.162563
-1.39491
-0.664215
-0.0157421
0.411499
0.33696
0.190921
1.14211
1.09442
0.589218
1.29291
1.56598
1.00076
1.60318
-1.42003
-0.379056
0.0447416
-0.378741
0.337897
0.217119
2.68022
0.850214
0.406631
0.701095
1.75976
1.58928
0.0112293
2.03747
0.65214
1.58412
0.226122
0.906981
1.54716
1.6578
0.0982809
