-0.314133
0.188493
-0.347354
0.0957285
0.00992807
1.23022
0.368539
-0.0864732
1.14659
0.792711
0.905523
1.37577
0.160191
0.874148
0.504397
0.431594
0.573622
1.8065
0.982705
0.29434
0.908982
0.622364
1.0832
-0.382197
0.577923
0.203323
2.36851
2.02217
2.34006
1.66102
1.30641
1.24298
1.97051
1.02962
0.458219
0.331605
-0.35413
0.26081
-0.635325
-0.0696494
-0.649492
-1.85553
-0.228643
0.00704264
-0.919744
1.7452
-0.0356328
0.349983
0.501452
1.29157
0.159288
-0.235975
1.1771
0.229096
-0.361857
-0.750006
1.18617
1.36675
-0.703353
-0.878734
-1.34428
0.50641
2.76955
-0.968882
-0.179425
-0.173745
1.04253
1.92254
0.519502
1.27057
1.50477
0.869146
1.33332
1.05987
1.60366
-1.20936
1.03399
1.59124
0.516742
0.966424
2.58417
0.429236
1.03739
0.839156
0.872937
0.850645
0.815595
-0.0646779
-0.80328
-1.48655
0.771962
-1.45564
-1.29893
-1.30784
1.65972
0.104086
1.6743
0.781254
-0.638105
0.189267
1.17373
-0.177163
-1.27788
-0.612108
0.778532
-0.604925
-1.69365
-0.48986
-0.676813
-1.78277
-0.271199
-2.39758
-0.973017
-1.58192
-0.178686
1.1369
0.306391
-0.820498
0.746825
-2.38711
0.190423
-1.86667
-1.34898
-1.08996
0.150853
0.0614272
-1.82893
1.06962
0.278331
0.448576
-2.3191
-1.22306
0.542403
-0.660955
-1.88587
-1.11996
0.270749
-0.399363
0.813565
0.589016
0.168331
-0.106788
1.59357
1.15717
1.83317
2.19885
0.33005
0.125524
1.15523
1.04572
1.0007
0.784602
0.40913
-0.165331
-0.778505
1.05114
-0.26985
1.15131
1.753
-0.287908
0.6809
1.56919
0.857067
-0.845554
-1.07755
-1.98272
-2.02819
-0.223666
1.5504
-0.316296
1.23965
-1.66365
-0.396744
-0.444012
-0.228008
-0.0536167
0.0681671
-1.47701
-0.300776
-0.342664
0.113291
0.164876
-1.05325
0.240001
-0.222879
0.114502
-0.271837
0.133269
0.712777
0.097099
0.625202
0.464378
0.553713
0.925174
0.382108
0.0470501
0.758482
-0.388006
1.70512
0.996347
1.35118
0.577254
1.01785
0.483743
1.53865
1.07717
2.37343
2.70228
1.57722
1.96052
1.28032
0.78841
1.27229
1.55154
1.01917
0.0387771
-1.0684
0.756182
-1.05904
-0.141394
0.205951
-0.787556
-0.30199
-0.560679
0.649985
0.742709
0.435423
0.550854
1.23358
0.91241
-0.832238
-0.415755
0.793964
-0.371972
0.399819
-0.633965
1.03546
0.70845
-0.287544
-1.04242
-0.742938
0.808026
1.23989
-2.05055
-1.55117
-0.31419
0.746616
1.69652
-0.00338014
1.28243
0.385937
1.4417
1.12175
2.76707
0.472459
0.0131501
-0.0461252
1.45648
1.25446
1.68555
1.41283
0.483869
-0.34301
-0.441224
0.714241
-0.371145
-0.36768
0.116218
-0.488737
0.219413
-1.35715
-1.82843
-1.83345
-1.42269
1.18492
0.0636948
0.828289
0.760318
0.0551691
-0.887026
0.360336
0.356471
-0.847584
0.773514
0.969356
-0.755476
-1.18661
-0.064279
-1.10826
-0.730482
-0.793535
-1.99143
-0.0448701
-0.950324
0.00300435
-0.265711
0.125726
-0.645355
0.890131
-2.1393
1.21957
-0.432988
-1.42324
-0.56382
0.313966
-0.239011
-0.160519
-0.142345
0.320066
0.478997
-1.40606
-1.60669
0.422806
-2.14579
-1.59723
0.907135
1.36929
0.738311
1.38014
-0.863472
0.412369
0.648458
0.898028
0.5653
1.70677
1.61386
-0.274871
0.908997
1.28168
0.967915
1.53054
0.466768
0.196565
0.531757
-0.345694
0.978251
0.44731
1.73286
0.455929
1.03179
1.0657
2.22838
-0.250776
-0.657775
-2.18774
-1.36004
-1.85259
-0.740152
-0.743493
-1.11798
0.796202
-2.40719
0.698011
1.25082
-0.240797
-1.12622
-0.342083
-2.49653
-1.26825
-0.316174
0.08702
-0.295753
-0.47201
-1.8491
0.202062
0.453377
-0.833187
0.342416
-0.757745
-1.45407
-0.487396
0.0854385
-2.16124
-1.95011
-0.0448471
-0.903844
-2.09296
-1.16331
-1.23435
-2.49504
0.442815
0.703898
-0.0262753
-1.03228
-1.29015
-1.29647
-1.45952
-1.61142
-0.309827
-1.34334
-1.87101
-1.00926
0.451981
-1.21456
-0.145171
1.67872
-0.236854
-0.950052
-1.78719
-2.48455
-1.86271
-1.2399
-1.10092
-0.33903
0.0836531
-1.64292
-1.04891
-2.54112
-1.42771
-1.30836
-1.63405
-0.619092
-0.539944
-0.829033
-0.977111
0.369743
0.19409
-0.863286
0.608156
-0.395055
-1.59532
-2.6395
-0.953215
-0.388858
-0.889834
-0.226197
-0.774401
0.11101
-2.65549
-1.15149
-0.67475
0.725234
-0.944156
-0.668399
0.678788
-0.163285
-0.0713228
-0.874418
-0.324102
-0.749202
-0.760441
-1.98701
-0.145199
-1.21501
-0.636162
-1.2706
-0.78546
-2.9481
-0.420668
-0.511766
-0.148979
-1.59235
-1.07181
-0.713108
-0.762641
0.00149128
0.22693
-0.608153
0.968746
-1.96008
-1.17359
-2.22845
-0.643448
0.274726
-1.50279
-0.298884
-1.70789
-0.758365
-1.25414
-0.976074
-1.21474
0.00959194
-0.739286
-0.665189
-0.326835
-1.19466
-0.0672505
-1.37406
-0.308987
-0.334306
-1.79608
-0.735733
0.535738
-0.657658
-0.563805
-1.88446
-0.436981
-2.4792
-0.563526
-1.11492
-0.311783
-0.338138
-0.473073
0.440898
-1.78216
-0.534099
-0.258399
0.472369
0.447851
1.12415
-0.925632
-0.653009
-1.75584
-0.102421
-0.0520478
-1.85027
-0.268701
-0.96135
-0.242048
-0.369191
-1.30457
-1.14109
-1.54061
-1.00845
-1.15443
0.971987
-0.0272648
0.050894
-1.58896
-0.176565
0.258219
-0.544306
-0.645975
0.727677
-1.25267
-1.4286
-1.63746
-0.572829
-0.385735
-0.142441
-0.593462
0.41475
0.921038
-0.747354
0.508077
0.229042
0.0291114
-0.0797961
0.42571
-2.05416
-0.142397
0.319701
-0.249703
-1.67722
-1.63732
-1.44398
-0.714993
0.393478
0.545526
-1.26453
0.918571
0.130569
-0.755287
0.294436
0.368174
0.352254
-0.21825
-1.71426
-0.050629
-0.766685
0.187427
-0.264153
-1.09832
-1.62464
1.03301
0.169534
-0.954431
-0.687606
-1.59924
0.12612
-0.706452
0.863733
-0.476874
-1.15568
-0.328086
-1.28591
-0.535547
0.729412
0.283307
0.629942
-1.15526
-2.40144
-0.927678
0.696098
-1.89404
-2.44112
-1.39594
-1.00565
-2.09318
-0.874779
-0.0112145
-1.432
-1.9331
-2.30469
-0.463686
-0.583385
-0.844345
-0.686733
-1.80388
-0.964072
-0.708329
-0.0410405
-0.0975643
0.574746
0.0696943
-1.86992
0.261943
-0.405866
-0.356221
0.781484
-1.20812
-1.72768
-1.32894
-1.897
-0.738388
-1.28032
-1.54718
0.396513
-0.218959
-1.48188
-0.781163
0.670103
-0.823608
-0.536404
-0.778681
-0.695468
-0.27804
-0.338188
-0.942059
1.83159
-1.35996
0.952547
-0.343662
-0.86471
0.57684
-0.422854
-1.82128
-0.878321
-0.122983
-1.05105
-2.3859
-0.149641
-0.298438
-1.49575
-1.73048
-1.15112
0.165483
-2.45915
-1.61259
-1.47723
0.456035
-1.65641
-2.16791
-1.40871
0.0232735
-0.680945
-0.475238
-0.0408124
-0.940133
0.102567
-1.71414
0.139786
-1.34297
-0.03768
1.73397
0.125794
0.351361
0.976664
-0.162513
-0.9107
0.145717
-0.406846
-0.0499481
0.780551
-1.26393
-0.522531
-1.11686
0.754331
-0.284531
-1.93707
1.12262
-2.79644
-0.339446
-0.695989
0.780412
-0.640073
-0.124539
-1.70379
-0.758845
-0.120945
-1.35011
-0.422781
0.0687992
-0.337516
-0.817487
-0.350155
-1.36242
1.04604
-0.757867
0.159693
0.786509
-2.11289
-0.295792
-0.964028
-1.2008
-1.85632
-0.894256
-0.986754
-1.37821
-0.494856
-0.0949706
-0.129236
-0.260878
-0.797716
-1.47297
-0.936401
-1.31896
-1.0093
