0.251178
0.625047
-1.70548
0.706233
0.134177
0.735928
1.24723
1.66231
2.25493
1.81202
0.925148
1.1467
0.0507958
-0.119208
-0.139638
0.405605
-0.210877
-0.0894228
-0.061971
-0.154003
-1.1649
-0.384658
-0.186236
1.02452
0.786596
-0.296336
-0.119905
1.7895
-0.297384
-1.11296
0.840022
-0.108655
-0.521208
-1.09372
-1.30053
2.19014
3.0189
2.03781
0.973075
2.82866
3.25202
1.43178
2.51299
1.4842
0.508597
0.973073
1.67042
0.716738
1.22349
2.68716
1.9343
2.1286
2.50385
2.47699
1.84853
1.87766
2.60886
0.959457
1.51629
1.08178
-1.00195
-0.443783
-0.7552
-0.646267
-1.31023
-0.38485
-2.70949
-0.643072
0.40656
-1.70164
-0.609641
-0.0384476
-1.76441
-1.20145
-2.1254
-2.19483
-0.0156347
0.783068
-2.71867
-0.412213
-0.974891
0.0194296
0.406157
0.508087
-0.0842919
-0.733036
-0.447699
-1.68046
-0.790213
-1.48005
-0.671945
-1.69778
-2.48456
-1.01169
0.177802
1.92252
-0.181418
-1.49799
2.00506
3.24242
3.13387
2.80854
1.08745
0.848139
2.16615
2.01769
0.388127
1.76429
0.740385
0.57684
-0.858242
0.100615
2.23204
2.42438
2.54977
1.7674
1.33031
0.279928
0.112024
-0.0964567
1.09597
0.0915505
-0.886929
0.329353
0.679055
2.49402
-0.525874
0.054556
-1.28106
-2.85701
-0.837526
-1.68258
-1.34695
-1.38907
-0.451873
0.949624
-0.289394
-0.621785
0.376664
-1.2161
-2.5443
-0.163871
-0.925991
0.0119796
-1.06967
0.976641
3.22056
2.92413
0.0320693
-2.52621
-2.04898
-0.408749
2.12748
0.488315
0.749381
0.340633
0.121752
1.3998
-0.317208
1.82955
-1.06719
0.0253382
1.47485
-0.496362
-0.0299384
-1.9472
0.804667
3.20803
0.700484
-1.40601
-1.59061
0.179112
0.949553
0.483374
2.64009
-2.409
-1.80812
0.100045
-0.154318
-0.850574
0.602465
2.053
-1.5848
0.836657
1.02764
0.591626
1.12221
2.48751
2.29929
0.939378
1.59587
1.22297
1.13617
0.209956
0.310675
0.651919
0.526811
-1.05607
0.819931
-0.443423
-0.27006
-1.91686
2.63461
1.74641
-0.98444
-0.730183
0.0349881
-0.197733
-0.507118
-0.85331
1.82054
-0.164634
0.135762
-0.97484
-1.43257
1.74175
2.40856
2.39008
1.69486
1.92924
3.06957
2.5385
1.6395
0.975319
2.08803
1.09827
1.65741
1.02663
1.89629
1.60305
2.25085
2.90734
2.47024
1.85256
1.94579
2.52029
2.77255
0.984012
2.355
0.890583
-1.44706
0.0192301
-1.62921
-1.07134
-1.37742
0.139791
-1.52295
0.307759
-0.214284
-1.0985
-0.603851
0.423312
-1.15846
0.657569
-0.533903
-1.41969
-1.82487
1.59831
-1.60377
-0.175378
-2.13025
-0.262865
-0.665539
0.368979
-0.203149
-0.358542
-0.725713
-1.60803
-1.18135
-2.07965
-1.50151
-1.85944
-1.74168
-0.458992
-0.350895
1.34145
0.718644
-1.65638
2.04477
3.12658
3.4503
3.86235
2.17528
2.22682
2.99326
1.87881
0.215677
1.08481
1.19976
1.44493
-1.44101
0.568802
2.57745
3.61719
3.74881
0.973014
1.24413
0.0609172
1.18351
0.0193175
1.98075
0.82355
-0.241087
0.2539
0.36867
2.12439
0.30445
0.656846
0.375722
-1.97956
-0.930486
-1.3723
-1.69826
-3.16629
-1.43008
1.28295
-1.36312
0.856494
0.317593
-1.65779
0.0829718
-0.104242
0.0459822
-0.858013
-1.59986
0.405133
2.81858
1.66671
-2.06288
-1.90595
-1.00394
-1.22932
2.71653
0.681315
1.58594
0.58531
0.355911
1.22654
0.768585
1.24226
-1.53987
0.384569
0.513246
-0.730188
-1.38714
-0.237304
1.54251
2.88611
0.947421
-0.212299
-0.576114
-0.251039
1.65007
1.45039
1.54509
-1.49318
-1.96209
0.190079
-0.0989186
0.857475
-1.2676
-0.946239
-1.55562
-1.13736
-0.511755
0.501136
-0.179108
1.37657
0.472317
1.34111
0.986595
-1.64912
-2.36582
-1.40457
1.01234
-1.04577
-2.08958
1.40937
0.366263
-1.1784
0.193018
0.00342309
0.902356
1.63211
1.01922
0.631142
0.519494
-0.421806
-1.19783
-0.604254
0.302606
-0.569768
-1.10199
0.303227
-0.116072
1.87209
0.129732
0.653431
0.0346382
-0.516896
-0.605997
1.7707
1.71919
0.764185
-0.150077
-0.858452
1.72276
0.318763
1.1191
0.179435
1.05897
2.56665
-1.06531
1.00711
0.0711095
0.657495
1.12477
0.682828
2.6652
0.820752
-0.366546
-0.756863
1.58335
0.690103
1.36459
0.86915
0.938009
1.12235
0.289715
0.393118
3.19406
1.4106
1.64773
1.18953
3.41542
0.421484
3.48455
0.976456
0.216956
0.961008
1.4102
0.628585
0.46207
1.63576
2.01726
1.05442
1.53989
-0.357318
1.36895
1.81071
0.700576
-0.302824
-0.314042
1.05407
1.02897
0.195626
1.24753
1.03788
0.87442
1.03799
-0.573466
-0.168472
1.47027
1.08818
0.863165
0.762745
1.21314
0.699727
0.738313
0.886998
0.683789
-0.204614
0.388654
1.199
1.20898
1.38617
2.78908
1.57772
1.92483
1.50297
-1.15906
-1.81421
-1.33209
-0.834413
-0.319609
1.44928
1.92691
-0.912647
-1.00854
-0.492385
-0.601681
1.47492
2.14549
0.631001
1.28544
0.5934
2.33615
1.4335
0.645059
0.60224
1.59829
1.15118
0.83383
1.8211
0.831567
1.28415
1.79892
2.20822
1.01186
-0.0641564
0.885383
1.21481
1.72052
1.14643
0.456303
2.20907
1.45932
1.93694
2.02685
1.54675
-0.0584646
0.259147
0.82248
0.987743
0.658345
1.4597
2.12457
1.28854
0.0293475
0.985199
2.92594
1.72131
1.79061
1.18424
2.45205
1.9579
2.22694
0.389565
0.608703
0.22231
-0.108137
1.22185
1.30564
-0.0687385
0.556895
-0.0112517
-0.459341
1.64827
3.19704
1.58657
-0.203617
1.12399
-0.831266
0.737043
0.684393
0.226264
0.653009
-0.0589274
0.329395
0.693297
0.331663
-0.675876
0.30068
-0.0190172
2.37698
0.0685075
-1.32455
-1.40262
2.00738
1.55386
0.221967
0.786672
2.1341
-0.87557
0.729355
0.21461
-0.296754
1.02846
-0.70247
2.0092
-0.70516
0.0723825
0.373616
1.06996
-0.381289
-0.675554
1.32941
0.0456973
-1.7213
0.917568
-0.341128
-0.255406
-0.200222
0.765951
1.95195
1.92548
2.4243
-0.225205
-0.446908
-0.422351
0.686131
1.07414
1.32426
0.900439
0.108588
-0.122429
0.923645
1.0143
1.18199
2.03106
0.222778
-1.14406
1.55595
0.758859
0.398151
0.314921
0.232779
0.311553
0.566988
-0.35026
-0.351221
0.701521
0.860942
0.702518
1.13453
0.888784
0.95411
0.576411
0.96221
1.6035
-0.526684
1.61185
0.426649
0.222428
0.806796
1.62828
-0.943287
-0.984132
0.632176
1.64401
-1.10404
-0.480171
-0.474985
-0.890076
-1.48834
1.12263
0.485183
-1.26522
-0.382344
0.52409
0.202219
-1.77069
0.0960887
1.75117
1.07648
0.965002
0.443344
0.0215083
-0.0652144
1.79113
-0.590639
2.01487
0.371416
-1.55616
0.134259
1.02969
-0.489161
-0.79422
1.46464
1.94985
-0.21212
0.590528
-0.229811
0.0776712
1.7387
1.28677
1.67947
2.19698
0.124982
1.09073
1.63265
-0.301874
0.0623298
0.669681
1.72129
1.23647
-1.69556
0.899596
0.502264
0.248947
-0.460743
1.54166
0.982729
1.23929
-0.5519
0.691749
0.169172
2.00827
1.37074
-0.356071
1.64394
-0.360935
-1.57487
-0.476577
-0.580794
0.890593
2.08027
2.51087
0.854636
1.3296
0.253937
-0.027909
-0.215821
1.13573
0.561259
1.79052
-0.0566584
1.9039
