-1.82211
0.0963411
-1.10553
-2.02474
-1.54728
-1.36885
-0.700362
0.895943
1.79611
1.79581
2.49245
0.528672
-0.361836
1.24718
0.172347
-1.49516
1.0549
-0.490196
-1.49745
-1.58176
-2.03058
-2.2325
-2.96035
1.35034
3.2851
-0.310336
0.0469058
2.89225
0.121791
-1.6946
-0.392231
0.60196
-1.43947
-1.62294
-2.48488
0.292146
2.98927
2.45237
0.250568
2.53602
1.54456
0.987063
2.36527
2.58555
1.68272
1.07555
1.71045
0.578737
1.03801
2.64194
1.64601
2.12838
1.9998
1.19261
1.63059
2.39989
1.34014
0.412149
2.17033
3.67294
1.20771
0.443385
0.150431
1.47084
2.75019
-0.906484
-0.0528634
-1.18393
-0.779958
-2.51407
-0.580986
-0.513946
0.463669
-0.149171
-0.15224
-2.39592
-1.1208
3.81173
-0.76845
2.24864
-0.101824
2.14399
0.704301
1.2924
-1.10802
0.440808
-1.16994
-0.577611
0.184561
-1.27145
-0.3009
-0.446346
0.414591
0.185576
1.25448
2.52409
0.0770858
-0.574786
3.19662
3.58566
2.62214
2.52261
3.43837
2.61387
2.72623
4.14539
2.3375
4.03063
3.14447
2.02258
1.16612
1.74747
2.74498
3.79862
2.75931
1.72807
2.34766
0.931062
1.32642
1.40314
0.58267
0.526414
-0.364686
3.16405
1.46529
0.806677
-1.31314
1.45681
0.375171
-2.95037
1.47141
-1.45798
-3.15582
-2.97225
-0.854374
0.576805
-1.23118
-0.714082
1.43546
-1.45583
-1.19224
-0.00438002
-2.21032
1.84675
-0.307359
-0.273237
3.63188
3.43771
1.59213
-1.73444
-2.68227
-0.649335
-0.00493236
0.707457
0.313411
-1.44618
-0.0129534
-0.993472
-0.953726
1.2567
-2.01309
-0.449376
0.671441
0.536168
1.04806
-0.195605
3.34861
3.42794
0.858017
0.140551
-0.0611338
0.438376
3.47863
2.46291
2.74527
-1.20928
-2.72273
2.35556
2.66879
0.272453
-2.01171
3.55787
-0.495372
-2.09592
-0.752499
-0.961961
0.37455
0.665042
2.29056
1.36708
0.520037
0.974663
-0.856676
-0.297377
0.663202
-0.0993714
2.19151
-0.0203964
-0.660911
-1.3536
-1.79589
-1.71654
1.68435
2.2671
0.913097
-1.68148
-0.0308933
-0.432856
1.23322
-1.69452
-0.564916
-0.0359047
-1.57722
-1.44746
-1.95774
1.01421
2.65143
2.51347
1.12825
2.60988
2.70128
1.72018
0.281277
1.00346
2.56241
2.33983
2.73762
1.42195
1.43018
2.56976
0.688699
1.56161
2.0149
1.31161
1.66362
1.534
1.80266
-0.255957
2.2203
2.38775
1.6389
-0.604349
-2.11771
1.57028
-0.267646
-2.00382
-2.40977
-0.873839
-2.24633
-2.19582
-2.51662
-0.546388
-1.33527
-0.716442
-2.81791
-3.04558
-2.23946
2.38807
-0.623312
1.18022
-1.44576
0.881525
0.395414
1.4157
-1.18354
1.46952
-2.49347
-0.602005
0.479022
0.12833
0.333196
0.393292
0.407535
-0.195329
1.15278
2.31629
-0.682092
-1.56806
2.67056
3.15129
2.95804
2.73881
3.77468
2.94746
3.60691
3.4085
2.57757
2.49702
3.28235
1.04937
1.54144
1.75783
2.41888
3.89704
3.73744
1.49997
2.00871
1.11454
1.03103
1.74234
1.35899
0.22777
-0.0409793
3.0559
1.25973
0.770086
-1.36045
1.4926
-0.265746
-2.87716
1.05805
-0.517211
-2.98608
-2.43783
-0.150136
-0.76199
-0.917451
0.557502
0.512215
0.709564
-0.251799
-0.167207
-0.401296
0.273238
-0.0600284
1.25972
2.45833
2.91654
-1.41793
-1.49879
-2.09316
0.341762
1.07353
0.757572
-0.105795
-0.0851227
1.87098
0.121578
-0.972573
1.0382
-2.31016
-1.37327
0.756682
0.741971
2.27
2.0348
2.81691
3.48028
-0.23991
-0.291647
-1.44805
0.168188
3.22876
2.41577
1.44504
0.475281
-2.65226
1.27547
-0.498267
1.08132
-0.107331
1.67928
0.33863
0.0809992
2.65156
3.07125
1.34399
1.33049
3.9253
2.44917
1.96234
0.252313
-0.58365
1.02557
1.79098
0.641736
-0.28763
1.29453
-1.47778
0.574015
2.87749
1.69662
1.87043
0.559435
1.37513
0.781591
0.859417
0.875972
-0.330927
-0.0928245
2.60648
2.10724
1.44512
2.11428
0.75689
1.34444
-0.401124
0.678588
0.330491
-0.282512
-0.537086
1.63976
1.8405
0.944497
1.16921
1.14132
1.21999
1.73757
2.20216
0.657931
2.50363
3.15083
2.26171
3.07707
1.61771
1.73808
1.57493
1.60199
1.44421
0.0887673
-0.763978
0.747836
2.62932
0.895994
0.799185
2.83601
0.922984
1.61703
1.21257
1.51831
2.72253
2.13304
1.77662
0.512688
2.23519
1.24053
3.61864
1.59357
0.37461
0.814533
1.0833
0.525225
-0.135169
1.11014
2.20666
1.00717
2.13332
-0.351929
1.78736
1.26401
1.54679
0.424578
1.97989
1.9563
1.68723
0.621875
2.51076
2.43142
1.05686
3.07105
-0.414858
0.402865
1.74001
2.19085
1.5478
-0.712466
2.25319
1.56481
1.9863
0.842692
1.84517
1.26349
1.98825
2.28294
1.39265
3.48693
3.05661
2.54485
2.58206
2.8374
0.130293
0.607792
0.727015
2.92226
0.522568
1.19859
0.915909
1.34802
1.82857
2.75555
2.43612
0.735809
1.32578
-0.595563
1.62401
0.820757
-0.225263
1.2908
0.438607
0.112906
1.9085
2.07901
-0.135784
1.07714
1.98891
2.1501
2.40727
2.00347
1.04847
1.27993
2.24655
2.86235
3.35075
2.66693
2.97201
1.88148
1.59978
2.09476
-0.0948432
2.78641
1.95123
2.45617
1.36184
-0.146577
1.52289
2.16673
2.88263
1.34456
1.96422
1.1381
1.89989
1.60967
-0.21923
2.58027
1.08673
4.02628
-0.145307
-0.405528
-0.368823
2.49079
2.6574
1.45836
2.89836
2.43795
1.95522
1.45673
2.14596
0.287119
2.09153
1.13931
-0.0816631
1.7475
-2.27179
-0.952555
0.381706
0.167931
2.47441
2.28634
-0.356651
1.48044
1.36131
3.18223
1.92998
-0.684882
0.526716
1.1375
0.344502
1.22819
1.52751
0.46015
2.36241
-1.52559
2.29642
-1.37076
0.906557
-0.30384
0.652453
1.7908
1.14181
1.79271
1.96681
1.44511
0.435661
-1.02818
1.01833
-1.32851
2.5126
1.32507
-0.32148
1.67653
0.455054
-0.0522061
0.805103
0.895236
1.51375
2.52884
3.19971
1.81101
1.94927
2.46983
1.44327
2.96876
2.01311
0.858215
1.66171
1.23071
3.30068
1.42318
1.53229
1.31749
1.79685
0.264085
1.99366
1.34976
2.2202
1.35551
2.41693
0.726045
1.2758
1.62137
1.64152
-0.0601305
1.57262
1.40756
2.58527
0.709963
3.2629
2.78241
1.61017
-0.342225
0.997167
2.04994
1.46981
2.09433
-0.689968
2.17962
1.51068
1.23708
3.32575
1.37285
0.37069
1.59037
0.0670628
1.98106
-0.1532
3.07754
-0.375815
0.0849522
1.26113
2.55453
-1.96048
-0.199808
0.813461
2.51308
1.35788
2.13632
1.64996
0.784483
2.09676
2.5351
1.19552
1.65518
-0.269399
0.123899
-2.53645
1.36005
-1.69794
0.49014
3.27778
2.67862
1.1721
0.468208
0.926903
1.95433
1.99436
2.57222
1.45665
2.12409
0.274402
1.30324
1.07793
2.22085
2.78955
1.64452
0.599477
1.13117
0.408777
0.579092
1.89101
1.20814
1.14933
2.37177
0.299564
2.00071
1.37819
1.17594
2.25081
0.223731
1.1527
1.80525
0.984752
0.404944
0.747972
2.21979
1.762
2.68313
1.08956
2.52371
0.951747
1.19932
0.155849
2.89795
1.50024
2.5343
1.04164
1.52558
1.98996
1.93297
