-1.51032
0.0202555
-1.09837
-2.32002
-1.04718
-0.377083
-1.79877
0.762952
1.16228
0.547177
1.36814
0.805012
-0.235439
-1.66275
-0.778576
1.01344
0.721004
2.32631
0.323073
0.993745
0.586325
0.575477
-0.38023
-2.13851
2.89538
0.623505
-1.20351
-0.848237
-0.876774
-0.433971
-0.8996
-1.54097
-0.171794
-1.30469
-1.49103
-0.460943
0.173731
-1.38254
0.924651
0.911124
0.123053
-0.0223561
0.971137
0.266829
0.337403
1.30131
0.45366
0.0369094
0.813141
-0.184068
1.0824
0.202404
-0.28604
0.879054
0.0151016
0.139067
-0.0387695
-1.74222
-0.613094
0.614612
0.777153
-0.481226
0.272982
0.531728
2.73278
1.06717
0.39263
0.591898
0.307669
1.03364
0.549224
-1.33682
0.626533
-0.0403992
1.79244
0.628794
-0.0676064
-0.112977
1.08795
1.12799
0.86308
-0.707177
0.34246
-0.0624754
-1.51198
-0.157401
0.135319
1.55644
0.209767
-0.618433
2.07711
2.32719
2.34877
1.09949
0.320241
-0.435743
-0.00123909
0.952551
0.574782
0.547298
0.237575
0.669352
-0.634086
-0.517821
1.05246
0.200266
-0.795891
1.27394
0.446288
-0.23932
1.18164
-1.352
0.853354
0.676378
1.14219
0.120058
0.819324
1.14354
0.148975
0.623355
-1.30435
-0.782931
-0.618838
-1.44287
-1.97292
0.139246
-1.10439
1.14068
-0.871727
-0.920834
0.35548
2.74033
-0.888667
0.445692
-1.37897
1.29679
0.106148
0.69825
-1.12031
-0.158503
1.53489
-0.234055
1.13405
-0.0367761
-0.365625
1.50901
1.21852
1.2253
-0.113466
0.0320159
-0.585436
1.04297
-2.13793
-0.713403
-0.585989
0.698151
2.40077
-0.883168
0.971385
-0.764446
-0.887437
-2.83568
0.0817906
1.41089
1.20686
2.99165
-0.853094
-0.222498
3.13483
-0.529045
0.0413057
0.0283828
-0.983465
-2.23575
-0.902907
0.536713
-0.0779118
-0.0712905
0.290602
0.200799
-1.4739
0.0725336
-1.352
-1.96049
-1.97025
-0.0545386
-0.053456
0.565844
0.761923
-0.601247
-1.8719
-0.96248
-0.58907
-1.74464
-1.18742
0.397164
0.337554
0.436333
0.0722588
1.02523
0.676254
0.565109
-0.253097
-2.65312
-0.401404
-0.300106
-0.564319
0.20447
-2.09875
-0.631026
-1.21895
-2.12474
-1.37859
-0.482792
-1.33341
0.153639
1.25815
-0.605016
0.183011
1.48729
0.932702
0.124187
0.843321
-0.0907094
-0.517924
-0.241234
1.34048
0.158388
0.8549
0.349239
0.240706
0.602617
-0.777018
1.43854
0.648624
0.377381
-1.52568
-1.79474
-1.63147
0.723238
1.80466
0.9897
0.816833
1.20579
1.78944
1.07593
-1.45812
-0.431345
1.2118
0.724381
0.604753
-1.31449
-1.25254
-0.434497
0.80457
0.15419
-0.7451
-0.815434
-0.217598
-1.445
0.191726
-0.882562
0.953614
-0.0340485
-1.97179
-1.34071
-0.430792
2.06996
-0.815967
1.01553
1.48581
2.10861
2.17804
-0.0146488
-1.35244
-0.0254798
-0.104271
-0.410299
-0.788917
-0.678947
1.67355
1.04895
-1.04847
-0.625645
0.941313
-0.555893
-0.564034
1.81615
-0.686661
-0.620369
0.622956
-1.40045
0.863319
0.365316
2.4046
-0.276376
0.64205
1.74591
-0.350882
0.793752
-0.891168
-0.222008
0.476299
-0.12736
-1.49349
-0.449043
-0.205843
-0.879375
-0.533711
-0.603471
0.127252
-0.0455952
-1.37316
-0.638543
0.014815
0.152318
0.467915
1.11326
-0.819158
-0.125136
0.0359279
-0.967736
0.00115845
-1.63005
0.0918895
1.12439
0.993732
-0.888739
-2.13307
-1.34077
-0.861329
1.23673
-1.17144
-0.747967
-1.28892
0.113291
2.23034
1.03008
0.566344
-0.755363
-0.510454
-2.22769
0.670191
1.98326
1.73776
1.35666
-0.93546
0.12365
1.99894
-2.54068
-2.11086
-0.711038
-1.67599
-1.136
0.385987
0.482666
-0.720267
-0.208412
0.326915
-1.36026
2.33539
2.33665
3.08997
1.64532
0.888561
0.264705
1.53278
1.06561
0.778455
0.0442207
0.735152
0.752196
0.121388
2.42658
0.498147
1.51755
-0.285662
1.30917
0.883024
-1.29911
0.84692
1.08023
-1.21318
-1.6007
-0.339135
0.113814
-0.920577
-1.25059
-0.793692
-0.861336
1.14124
0.779272
1.04872
-0.0998962
-0.0847024
-1.36413
-0.815281
-0.537817
1.31006
-0.607387
-0.158381
0.216492
0.653704
-0.420063
0.399894
0.797382
0.500589
0.153017
0.640819
1.59107
-0.396392
-0.440828
2.55865
0.172806
-0.0205408
0.132747
0.237145
0.307824
-0.81009
-0.692484
1.72306
0.505676
0.317128
0.750597
0.403256
-0.384093
-0.276731
0.32975
1.20363
0.858296
0.471122
1.36135
-0.568433
1.02725
0.640651
0.0223917
0.964392
-0.3233
1.0112
0.81158
-1.21184
0.281757
0.725466
2.40069
0.480391
-1.18055
0.363679
1.1782
1.79349
-0.00227516
0.0694962
0.893407
-0.0010025
0.249466
0.686474
-0.211935
-0.622015
0.682973
-1.02154
1.01281
-0.11201
-0.538827
-0.0609154
-0.840833
0.653498
0.312095
-0.617508
2.61908
-0.566448
0.480591
1.67659
0.899679
0.106311
1.85235
1.92765
0.624287
-0.0374068
-0.328033
-0.183345
0.221541
1.82955
1.17962
2.83513
0.726314
0.416827
1.02884
1.02889
0.641877
-0.591811
-0.929625
-0.0911767
-0.535197
1.29249
0.407835
0.595797
0.437674
-0.882482
1.79825
-0.0426845
2.32355
1.43517
-0.306692
0.406146
0.873407
-0.414947
-1.50322
0.962366
1.01695
1.04862
-0.2761
-0.511808
0.983152
0.270243
-0.00947198
0.180093
0.454539
0.273804
0.12527
0.50597
0.164256
0.774294
0.803217
1.83096
0.868186
0.387298
0.648006
-0.432174
0.444254
0.896909
1.66707
0.00703683
0.439566
0.341932
1.59103
0.144927
1.76345
0.463464
0.0254672
-1.53748
0.152924
0.0505412
-0.455455
0.611717
0.918902
1.57808
-2.01542
-0.799526
1.01678
0.76114
0.804759
0.968695
1.04673
-0.0660707
0.102231
1.77345
0.271545
-0.460744
0.413566
0.115151
1.37781
0.24956
0.0314861
0.00491594
0.685663
-0.30626
0.105248
-2.2427
-1.14533
-1.4453
-0.0207309
0.719332
-0.650165
-2.08153
0.219502
-0.850049
-0.51795
0.131445
0.0681449
0.38055
0.696458
-0.852549
-0.374565
-1.29281
0.55115
0.22635
-0.64321
-1.31866
-0.78112
0.242647
-0.712589
-0.207385
-0.891773
-0.432701
-1.45504
1.41307
-0.00783233
0.799277
0.497914
0.148745
-0.411977
-0.87364
-1.22024
-0.109414
-1.69971
-1.14121
-0.107256
-0.148734
-1.10935
-1.00071
-1.96215
0.0118209
-0.611864
-0.6033
0.0729546
0.50879
0.263124
0.465199
-0.634904
-0.241473
0.466364
0.375132
0.149018
0.622644
0.000641993
1.23934
0.96175
1.42179
1.33301
1.26348
-0.481157
0.174613
0.567498
1.42691
1.38262
-0.250448
-0.24311
1.35313
1.78036
1.61309
0.93869
-0.881299
0.0885116
-2.24085
0.393477
0.564807
0.400238
-0.555401
0.117154
-0.688768
0.177285
-0.820095
-1.49696
-0.169631
0.966337
0.0745134
1.46332
1.40785
0.700334
0.842434
1.04181
0.604667
-0.371617
-0.931885
0.0545004
-0.63979
-1.77942
-0.148527
1.06528
0.471838
0.787836
1.02903
-0.67681
-0.389538
1.04931
0.0230706
-0.213653
-0.287248
0.830211
0.674684
1.21072
1.97016
-0.449269
-0.973082
0.751089
-0.433664
0.816145
1.34128
-1.11535
-0.12567
-0.170686
1.50281
-0.365656
-0.0981123
-1.12116
-0.54092
0.725864
2.08275
0.804591
0.804834
-0.30943
-0.171955
1.55801
2.48513
0.251683
0.332546
0.0843751
1.39986
0.562169
2.03587
-0.450047
1.42907
-1.42654
0.328104
-0.486428
0.303779
-0.093398
-0.368934
-0.361634
