-1.12906
2.39936
-0.189467
-1.43435
0.00527266
0.079226
-0.696126
0.59173
1.5548
0.822484
1.13764
-0.360603
-0.264151
-0.760713
-0.624271
0.72837
1.38834
2.04035
0.320479
2.10754
0.823181
0.877641
0.624132
-0.522035
3.64994
-0.916069
-0.658502
0.858521
-1.46623
-0.646371
-0.806412
-0.461272
-0.279986
-1.56031
-1.56276
-0.237148
1.96876
0.258146
1.79308
2.35775
1.88227
1.62239
1.91488
0.805368
1.09616
1.62351
1.96831
0.35127
1.21668
1.14596
1.15041
0.812868
0.448193
0.986449
0.651834
0.440122
1.02738
-1.23129
1.33251
2.29784
0.54951
-0.108731
-1.32811
1.46821
2.6269
0.991059
-1.50089
-0.725068
-0.128251
-1.88879
-0.49933
-1.87334
-0.527223
-1.76849
0.178963
0.1811
-0.474393
0.663974
-0.773915
1.43264
-0.328513
-0.747478
-0.539935
0.00598057
-2.08427
-1.22718
-1.39756
0.758798
0.226459
-0.936805
0.452796
2.04457
1.21075
1.33688
0.338512
0.648967
-0.728917
-1.28564
2.02516
1.39841
0.808954
1.52708
1.46191
0.618743
1.92575
1.74549
1.04809
2.29183
1.13684
2.17905
0.5917
0.836975
1.78989
1.93798
1.5077
-0.191646
1.10493
1.488
0.263493
2.14815
-0.344219
0.863277
0.666925
0.246993
-1.34354
0.534854
-0.434556
1.56283
-0.442615
-1.03994
2.58526
3.01753
-0.505027
0.795064
0.563483
2.26002
0.165624
1.46991
-0.44559
0.0401546
1.39014
0.677713
1.0802
-0.362532
-0.473647
1.57416
1.60273
1.6222
-0.0417776
-0.14329
-1.41921
0.790202
-2.11939
-0.0996278
-0.949139
1.46878
2.7913
0.155121
1.97815
-0.980403
-0.687072
-2.03271
-0.424546
1.93508
1.74309
2.94091
1.53216
1.10549
2.64355
-1.65719
0.152068
1.51861
1.12988
-0.677395
0.680349
1.10125
0.329514
2.41273
0.55448
0.0380021
-1.30049
2.46827
0.0304534
-1.17691
-1.00556
0.0124928
0.412032
0.257602
0.939707
-0.346206
-2.35577
-1.29875
-0.000380243
-0.419824
-0.478182
1.10241
0.697486
0.484635
-0.0588731
1.65709
1.01674
0.547729
1.95368
-1.24748
-0.935691
-2.48381
-0.458182
-1.03731
-1.05256
-1.00324
-0.843823
-1.74241
-1.56202
-0.537185
-1.78422
0.253249
2.39256
0.820488
1.917
1.96871
1.86811
0.192601
0.921247
-0.179325
0.468546
0.501593
1.74868
0.0563354
0.904353
0.524275
0.184346
0.760911
0.0347903
1.0678
0.905269
-0.0336932
-0.742532
-1.31568
-0.00401433
1.4211
1.4693
-0.283438
-2.57594
2.25781
1.37951
1.27733
-3.77971
-1.84207
-0.291799
-2.37046
-1.91176
-1.98796
-3.22618
-3.16436
-1.24086
-0.556334
-1.4085
-1.07545
-2.79592
-2.10088
-1.53086
-1.37862
0.630168
-0.437726
-2.69559
-2.38958
-2.93864
0.9238
-0.0123561
0.585764
1.72228
1.62671
1.70565
0.29764
-1.79244
-0.0283355
-0.915827
-2.26544
0.303983
0.569806
2.06362
2.31079
1.23837
0.384335
1.63198
1.48074
1.33807
1.63219
0.966256
1.24481
0.997588
-0.115916
1.87493
2.30011
3.47563
-0.71997
0.416048
2.17299
0.700355
2.14005
0.331133
0.779989
1.47311
1.1646
-1.25371
0.424878
0.484064
-0.0378331
-0.547328
-1.40637
1.3261
0.840644
-1.16352
0.431382
1.29607
0.365063
-0.138379
1.06008
-0.835997
0.256539
1.55008
-0.281867
0.640021
-1.7799
-0.935137
1.48051
0.785183
-0.643369
-2.79191
-2.27654
-1.89343
1.40305
-0.734824
-0.808145
-0.449597
2.26631
3.31187
1.52262
2.44619
-0.302744
-1.24748
-2.03712
0.695236
1.7254
2.58534
2.26856
1.07319
1.04671
1.60019
-2.02767
-2.52085
0.325086
0.190048
0.294758
2.05859
0.930489
-0.917528
1.17327
0.470734
-1.63452
0.967354
1.76415
2.45271
1.63463
0.426321
0.428404
1.90651
1.41623
1.02583
0.711249
0.9291
-0.327129
0.666292
2.8573
1.00204
1.33688
-1.06194
1.40537
0.492847
-0.34982
0.752179
-0.18721
-0.0849633
-0.11376
0.939878
-0.268317
1.11143
-1.2367
-0.216348
0.111081
1.77718
-0.147474
1.50334
1.4265
-0.359826
-1.52217
-0.691152
-1.70123
2.82197
-0.440318
-0.983231
0.701516
1.55599
0.666424
0.613529
1.23146
1.61132
0.682438
1.31119
2.68512
1.60235
0.756275
2.49566
1.29852
0.644196
0.173409
0.88655
1.04834
0.129662
-0.31849
1.07762
-0.313187
0.781949
0.84632
0.0970148
0.257193
-0.23369
0.999516
2.51588
1.79974
0.522791
0.648079
1.41695
0.533031
1.51184
0.2365
1.16763
0.73682
0.310694
0.734118
-0.0469321
-0.00907303
0.480836
3.35222
2.65902
0.674195
1.62546
1.89476
2.02779
1.14417
1.0171
0.565789
0.351658
1.57451
1.50518
0.241032
-0.0210226
1.01822
-0.431016
1.68371
0.97631
-0.16241
0.529256
-0.369693
0.235846
0.603856
0.722467
3.56069
0.140207
1.61812
2.79041
0.917592
0.508311
1.81407
1.09917
2.4161
0.404285
0.886845
0.84675
0.811048
0.98916
0.848432
1.32866
0.71209
0.193742
1.65081
1.74906
2.02182
-0.249479
0.147884
0.219128
0.217586
1.47958
-0.941773
1.40428
1.41488
-0.232398
0.84965
0.183351
0.776265
1.77578
0.579356
0.617008
0.20522
-0.0413066
0.87899
2.00488
1.39234
1.53986
0.550224
1.2665
1.95497
1.21691
1.32874
1.05345
1.22818
1.54195
0.684333
1.31753
1.09148
0.70118
0.459411
1.70745
-0.0411607
0.462456
1.13878
0.85019
0.728531
1.04984
1.5771
1.33158
0.158987
0.730757
2.21577
1.11305
1.48757
0.660451
-0.561289
-0.985902
1.09498
0.454451
0.027319
1.70662
2.46251
1.99857
-0.686592
0.195822
1.5456
1.22832
2.00886
-0.259373
1.15814
-0.595398
0.703197
1.40106
0.310636
0.952775
0.315667
0.900828
1.23409
1.0691
-0.706253
0.139122
0.676115
-0.479172
-0.633767
-1.76085
-0.394699
-0.429744
0.776122
0.677618
-1.32998
-0.330345
0.0605205
-1.15013
-1.41202
-0.114456
-0.185744
0.13263
0.981978
-0.123827
0.0221684
-0.164725
0.219742
-0.31587
-0.6409
0.379223
0.164517
-0.216214
-1.09906
-1.04475
-1.32529
-0.0574632
-0.364433
2.08286
0.43057
2.01023
1.46207
0.922922
0.429329
-0.966855
0.441504
0.685007
-0.00690652
-0.0485008
1.18071
0.8791
-0.131558
-0.335571
-1.92644
-0.18914
-0.904462
0.357222
0.838116
0.692742
1.01277
1.02297
-0.194981
0.752327
1.45778
1.44851
0.106045
1.8187
0.293779
1.60095
1.13103
1.92758
1.12757
1.86188
-0.0896239
1.5003
0.969101
0.439336
1.22593
0.3031
0.823892
1.41178
2.00243
2.25421
0.624831
0.439314
0.529273
-2.17219
1.10275
1.22855
2.23828
-0.614298
-0.426732
-1.40243
1.54022
-1.26382
-0.910976
-0.167279
2.27808
0.267243
2.03297
1.43533
1.16649
2.41644
2.71262
2.10825
0.106987
1.44511
0.552705
0.285788
-2.20739
1.31554
0.751797
2.02924
2.05486
0.584159
-0.293052
0.677105
1.7838
0.917674
0.217438
0.399767
0.995815
1.30133
3.03979
2.77173
0.41823
0.124366
1.67385
1.37441
1.74262
0.844196
-0.43344
-0.358051
-0.218098
1.31131
-0.676143
0.272891
0.553845
0.645078
1.4168
1.66663
0.801738
1.0579
0.96198
0.142042
1.46714
1.61039
1.21988
1.48939
0.674484
3.63948
0.859299
2.71089
0.843815
-0.0341305
-1.72832
0.610624
0.853702
2.00774
0.152474
0.579687
0.855809
