-0.756047
1.53623
-0.439
-1.88061
-0.463211
-0.507201
-1.42771
1.24995
1.36045
0.92463
0.33426
-0.81467
-0.404764
-0.253009
-0.171714
0.433955
1.17366
1.9301
0.127431
1.86714
0.583731
0.65659
0.144591
-0.181205
3.80158
-0.242501
-0.674844
0.0235722
-1.49804
-0.907387
-0.909193
-0.626415
-0.254935
-0.696174
-0.909786
0.616176
2.17318
0.483564
2.39629
2.77081
2.02414
2.29271
2.50972
1.20098
1.79414
1.54081
2.18923
0.151628
1.46119
1.40417
1.35414
1.2747
0.635669
0.929769
1.32032
0.605415
1.22035
-0.702195
1.7477
2.74115
1.05271
0.210452
-0.940356
1.86453
3.14043
1.21433
-0.66336
-0.130015
0.370387
-0.70526
-0.132463
-0.761721
-0.780645
-1.17643
0.695863
0.0464101
-0.120366
1.00059
-1.55007
0.720073
-0.348047
0.212718
-0.13724
1.29399
-0.803678
-0.152214
-0.398685
1.17329
0.306846
-0.277565
1.11324
2.55689
1.68328
1.45091
0.1861
1.15265
-0.175849
0.0664796
2.25574
1.24533
0.284314
0.673561
1.03528
0.458535
1.46537
1.17338
1.14954
1.81476
1.20267
2.16434
0.404709
0.558399
1.7338
1.46416
1.17671
0.00930703
1.84633
1.27879
-0.104216
1.55513
-0.855265
0.442231
0.448427
0.281366
-1.57879
0.140832
-0.681886
0.908626
-0.61186
-0.659582
2.29491
3.00486
-0.390189
0.991473
0.225113
1.7237
0.399289
1.59941
-1.1649
0.0969023
0.644664
0.0897099
0.564179
-0.225259
-0.0168703
1.23479
1.95075
1.54845
-0.0167884
-1.14399
-1.54278
0.54871
-2.981
0.25453
-1.18193
1.59959
3.11692
-0.359045
1.86242
-0.945966
-0.674891
-1.56241
-0.417849
1.79973
2.06515
2.81435
1.58581
0.630795
2.31903
-0.371259
0.418912
1.06971
0.943333
-0.929434
0.747283
0.82453
0.777615
2.36682
1.29865
0.704709
-0.884336
1.85672
-0.349276
-1.62819
-1.46022
-0.132791
0.363952
0.908404
0.566351
-0.0446509
-2.86177
-1.50223
-0.420886
-0.18485
0.060024
0.947715
0.603016
0.981669
-0.0134989
1.27999
0.94183
0.654967
1.50363
-1.28365
-1.37839
-2.04141
-0.275212
-1.18423
-0.872952
-0.90689
-0.874311
-1.85347
-1.93938
0.0935496
-1.27259
1.17665
2.52504
0.957579
2.43318
2.21529
2.27069
1.03818
1.46871
0.292109
0.543279
0.495929
2.06668
0.538729
0.952628
0.971912
0.756809
1.27495
-0.0775827
1.79828
1.68091
0.210208
-0.500163
-1.37733
-0.129502
1.87402
2.13126
0.150361
-1.25106
2.63009
2.04079
0.881958
-2.8877
-0.972766
0.321344
-1.28103
-0.606237
-1.28459
-2.52405
-2.79395
-1.17394
-0.587298
-0.980511
-1.05332
-2.64168
-2.69515
-1.78899
-0.817188
1.37574
0.460475
-1.56755
-0.888768
-1.82184
1.56845
0.834637
0.921864
2.34508
1.78862
1.83253
-0.137059
-1.69431
0.315579
-0.71652
-0.996487
0.179162
0.185321
1.6401
1.21976
0.878748
-0.18223
1.07918
0.675497
1.12835
1.50985
0.754685
0.596564
0.432769
0.0143093
1.52518
1.62438
2.32272
-0.623459
0.93377
1.95963
-0.389515
0.84012
-0.195805
0.60277
1.35862
0.450106
-1.86935
0.124335
0.151425
-1.036
-1.37936
-1.45338
0.875871
1.21393
-1.30607
0.50189
1.302
0.0154161
-0.6323
0.601776
-1.3178
0.292717
1.10498
-0.33623
-0.285309
-1.45934
-0.758804
1.08148
1.19194
-0.402799
-2.8235
-2.53093
-1.8819
0.711886
-1.33304
-1.7578
-0.839404
1.52686
2.31165
1.01725
1.86667
-1.07471
-0.90743
-1.78782
0.417057
1.69812
2.59997
1.8583
1.16234
0.120224
0.985251
-0.943328
-1.89678
0.800306
-0.0585345
-0.464767
1.20099
0.493415
-0.586965
1.06339
1.18342
-1.09409
0.807266
1.46948
2.34823
1.37861
-0.32319
-0.0972854
0.944785
0.833655
0.782695
-0.354942
-0.102518
-0.915459
0.277968
2.44147
0.744912
1.93645
-0.244522
0.691055
-0.107355
0.656017
0.104628
-0.167717
-0.56148
0.262053
0.530309
-0.50485
0.495577
-1.61236
-0.723918
-0.0250253
1.43978
-0.230524
1.23349
0.582414
-0.438246
-1.81688
-0.915502
-1.72938
2.8642
-0.380869
-0.805588
-0.142234
0.493534
-0.358066
0.405253
0.943105
0.980686
0.502889
0.909797
2.04849
0.864827
0.401376
2.25337
1.00742
0.433385
-0.125613
0.38873
0.679068
-0.448704
-1.07318
1.24238
0.13341
0.403928
0.471679
-0.0255821
-0.674675
-0.741194
0.769525
2.44168
1.02327
1.00193
0.464585
0.925476
0.0182129
1.13096
-0.135498
1.32459
0.455166
0.174833
0.0463632
-0.491159
-0.55518
0.566175
2.7457
1.48069
-0.22259
0.426953
1.99276
1.55475
0.3445
0.545469
0.252687
0.439145
0.701994
0.905044
-0.0635817
-0.88557
1.15682
-0.559144
1.44812
0.604312
-0.579247
0.464975
-1.02321
-0.15848
-0.11286
0.220361
2.75033
-0.834568
0.809075
2.03163
0.899246
-0.10862
1.36021
0.627949
1.67094
0.0119888
0.824142
0.0405936
-0.0412962
1.30895
0.714989
1.1614
0.0956489
-0.231906
1.01918
0.700476
1.45413
-0.649483
-0.0650258
-0.166218
-0.43414
1.74358
-0.183254
1.57799
0.50191
-0.300888
1.53052
0.506416
0.703937
1.28678
0.336346
-0.106708
-0.330508
-0.0905595
0.181111
1.37376
0.398248
0.460238
-0.388364
0.359767
1.34078
0.421011
0.386735
0.265677
0.294518
0.870355
-0.00984757
1.46481
0.0484815
0.683659
0.0755171
0.699781
-0.360075
-0.0141628
0.562935
0.242107
0.88664
1.45381
1.19063
1.3621
0.163343
0.233907
2.25636
0.98534
1.40213
0.167843
-0.537484
-0.726649
0.825641
0.171696
-0.719899
1.3559
1.75428
1.30474
-0.937965
-0.00641939
1.16898
1.04769
1.51481
0.0939989
0.853273
-0.662599
0.0981288
1.16889
0.278085
-0.0214117
-0.573773
0.693418
1.1895
0.131557
-1.08528
-0.0257175
1.39962
-1.2591
-1.22611
-1.4882
-0.585801
-0.824414
0.692423
0.3623
-1.15293
-1.50265
0.285146
-1.22204
-1.14047
-0.710597
0.23966
-0.0492941
0.933943
-0.657502
-0.282383
-1.18382
0.48898
-0.284774
0.101001
-0.711855
-0.574765
0.442346
-1.68771
-1.36193
-1.5435
-0.470199
-0.705702
1.77252
-0.650295
0.654445
1.32562
0.615575
-0.159102
-1.03673
0.0185844
0.104323
-0.462078
-0.0768116
0.502454
0.026768
-1.0485
-0.970778
-2.67826
0.182961
-0.672863
-0.0582038
0.806036
0.406267
0.457308
0.937839
-0.854052
-0.340542
0.653328
0.796436
-0.724892
1.51649
-0.118852
0.984308
0.861375
0.951274
0.952441
1.04365
-0.666026
0.882653
0.193648
0.425895
1.04821
-0.242133
0.200335
1.13048
1.57856
1.67515
0.0828703
0.650849
0.1441
-1.43854
1.03185
1.0305
1.10846
-0.49433
-0.100302
-0.871786
0.346569
-0.982652
-1.12226
-0.251001
1.21799
-0.116051
1.47852
0.771404
0.338871
1.10592
1.7157
1.29737
-0.770667
0.948787
-0.190385
-0.550412
-2.51161
0.47173
0.756807
1.44289
1.19847
-0.705029
-0.408349
0.959268
0.991644
0.056447
-0.51133
-0.703547
1.28228
0.912074
2.51263
2.44784
0.271991
-0.465034
1.21179
0.528739
1.75016
1.14817
-1.16295
-0.839839
-0.623286
0.760388
-0.868062
-1.06879
0.0821932
-0.350912
0.374583
1.91793
0.471123
0.777832
0.482056
-0.180044
1.53828
1.32033
0.389134
0.988894
0.434929
2.43461
0.268015
2.39976
0.515377
-0.770616
-1.6014
-0.385766
-0.00666886
1.11128
-0.657955
-0.00612468
-0.319237
