0.201205
-1.50349
-0.867168
-0.385638
-1.00056
-1.15282
-0.667637
0.699127
0.144403
1.2644
1.35581
1.15304
1.55491
0.163284
-0.346269
-1.52853
-1.31719
-2.5971
-0.938568
-1.40541
-3.1648
-3.24556
-2.92891
0.152512
-0.0224269
3.385
-0.777527
-0.652197
-0.937976
-1.42402
0.181981
-0.0555964
-2.03446
-0.447988
-0.352983
0.377404
-0.132481
0.605348
0.194693
-0.472434
0.056063
-0.226573
0.0949319
0.172457
1.16405
-1.79403
-0.406243
0.862943
1.24046
-0.298089
0.629643
1.57961
0.153892
-0.110588
0.8823
1.49679
0.0877985
-0.18561
0.550683
-0.471347
0.276794
-0.770403
0.173217
-0.553905
-1.16711
0.3951
1.44659
0.0367703
0.761359
1.67237
0.127352
-1.21703
2.43247
2.33065
0.470154
0.920207
-0.603431
1.37543
2.54951
1.87764
1.36902
1.19835
0.361324
-1.51943
-0.164769
1.28665
0.189691
-0.580921
0.787175
0.104493
-1.65198
-1.14544
-0.184458
-1.09457
0.0337866
1.89132
1.83409
1.43881
0.387431
0.882565
1.16212
0.879493
1.34167
0.872378
0.160391
1.88035
0.152757
1.35212
1.94782
-1.35595
2.62107
1.32364
1.06715
1.79603
0.592953
1.06443
1.71169
-0.0691955
0.147799
-0.308169
1.49221
-0.36494
0.091854
1.0629
-0.0294848
0.340845
-1.29457
0.407952
1.21234
-2.17535
-1.22927
-1.3162
-1.97329
-1.87185
-1.51624
-0.9624
-1.75917
-2.58829
-0.0839589
-2.608
-1.39348
-0.76879
-1.55144
1.10987
0.179443
-0.213807
0.54933
1.95366
0.78904
-0.457387
-0.466349
-0.331546
0.877579
-0.619507
0.491135
-3.04336
-1.38112
-0.590505
-2.35687
1.08644
-1.72636
-1.04356
-0.665294
0.0275781
-0.903804
-0.917944
0.748967
1.41179
0.209409
0.0823689
-0.128818
-0.719491
0.541985
-0.0253933
0.123648
-0.9624
-1.26553
-1.58018
0.858113
0.228887
-0.0122528
-0.0504133
-1.8051
-1.02165
-0.507172
-0.5944
-0.59865
1.32381
0.924168
2.6639
1.79136
1.09259
0.752879
-1.13306
-0.180395
-0.387131
-1.28101
-2.08989
-0.42859
-2.16597
-3.14694
-2.82358
-1.25458
1.16683
0.252142
2.58574
-0.744139
-1.37926
-1.52158
-1.62072
-0.427984
0.199054
-0.771785
-0.0579462
-0.282932
0.245038
0.490508
0.202941
0.248165
-0.842063
-1.03251
1.48159
0.906804
0.821094
-0.492368
-0.00442884
0.641326
0.764488
0.400614
0.17083
1.7266
1.90337
1.1132
0.402545
1.203
1.34366
0.332649
0.733896
1.45492
0.293787
-0.0397913
-0.36478
0.902617
0.0330905
-1.15658
-0.0499701
2.34473
1.44175
0.287348
2.72347
1.16882
-1.47661
2.50033
2.62234
0.407232
-1.64401
-0.548671
1.42493
2.96739
1.50595
3.30593
1.333
0.771391
0.443046
0.500724
1.79549
2.04834
0.092774
-0.682238
-0.761898
-2.21382
-1.0705
0.334751
0.131238
1.49886
1.68334
3.23371
1.00251
0.36063
2.42767
1.35133
0.845547
-0.20832
1.43626
0.871733
1.7696
-1.28687
1.61358
1.29336
-0.374799
0.809907
1.9243
0.646047
0.547298
1.43421
1.70328
1.93854
-0.404238
-1.63767
-0.395756
0.71883
-1.76768
-1.31045
0.413924
0.598753
-0.356633
-0.552314
0.481404
1.32572
-1.5267
-1.11701
-0.962093
-1.7192
-2.02944
-2.61179
-1.7845
-1.33849
-0.759494
0.0290465
-1.56729
-0.195266
-0.77691
-0.430076
0.940173
0.726119
-0.489074
0.867799
1.24817
0.26735
0.210858
0.151313
-0.595067
1.6315
-0.362953
-0.158664
-1.1122
-1.38674
-1.56731
-0.813596
-0.0943257
-1.9479
-0.31867
-1.07971
-1.02109
-0.975174
0.365331
0.347865
2.90823
0.662798
-0.986359
1.22945
-1.72027
-0.120332
0.727468
-0.042184
-0.0332812
-1.62042
-0.843513
-0.89641
0.392159
-1.12673
-0.375801
-0.628804
-0.157125
0.341506
2.10324
0.203674
0.276768
1.8752
2.47764
2.12819
0.75193
-0.92334
-0.460272
-0.714952
-2.02301
-0.123016
1.34452
-0.807759
0.1287
0.939931
0.0761601
1.16016
-1.3522
-0.413104
0.498781
-0.0121417
0.0745031
-0.648692
-1.45759
-0.177451
3.23098
0.147507
0.580318
-0.702855
0.440735
-0.184063
1.87571
-0.392044
-0.930867
0.730646
2.26184
2.40922
0.0181983
0.631827
0.820871
2.61406
2.32247
3.08869
1.31279
1.7056
1.96537
1.38593
1.6636
2.09375
1.29811
1.78563
1.28229
0.916287
1.52427
3.22995
1.20607
2.76662
0.51534
1.03264
1.64054
1.75953
0.230374
1.5086
2.26128
-1.27545
0.461741
-0.709248
1.88403
-0.563552
-0.409865
1.30365
-0.832006
0.309673
2.22107
1.34421
2.23084
0.0840633
1.21259
-0.277032
0.736357
1.65028
0.611967
0.698414
0.982348
2.02397
4.21489
1.3383
0.267307
0.513062
0.477409
1.21906
-1.2673
-0.128985
0.0543946
-0.359793
0.448164
-0.399285
0.451291
0.323503
-1.4154
1.22534
0.871033
2.1516
-0.133447
6.02514e-5
0.168464
0.397178
2.10697
0.922637
1.60442
1.5206
1.03216
1.8784
2.06955
0.048356
0.325303
0.211565
1.1448
1.3173
2.1342
0.220464
1.5355
2.14081
1.03435
1.33774
-0.953722
-1.349
0.313494
0.104157
-1.45407
-1.13405
-0.697077
-1.30679
0.799839
0.515242
0.121015
-0.0657619
0.877369
1.28578
1.07613
1.5019
1.89179
2.55359
2.75667
1.74434
2.82381
2.57695
1.52969
2.01701
1.54224
-0.501434
1.70026
0.758914
0.780194
0.180355
0.828564
2.52561
1.52292
0.904513
1.46689
1.40796
-1.38641
-0.277328
-1.77031
-0.134029
-0.323807
-0.542927
-1.01492
-1.7768
0.714493
-0.294818
-2.16389
-1.05988
1.89274
1.63762
1.97102
2.74401
0.1589
0.688699
2.28204
2.14072
-0.905304
-0.204413
-0.908793
-0.488743
-0.0718199
-0.665208
-0.611512
-0.513344
-0.9744
1.57757
1.44602
-0.7626
1.27328
0.791662
2.18274
0.812324
0.0151668
0.307183
0.217091
1.56256
1.22108
0.693279
-1.2572
0.460826
0.499632
0.00920368
-0.409615
-0.110181
0.636615
-0.255243
0.479353
0.413352
0.966493
0.382656
0.653049
-0.157688
-2.13968
1.0652
-0.271198
0.386238
1.42959
0.431802
1.6589
-0.0812613
-0.704264
-0.445063
0.674369
-0.43917
1.53206
1.8187
-1.05429
1.12601
1.59606
2.13686
0.73603
1.52585
0.587065
1.49893
2.00538
1.91957
2.42112
1.00803
1.12509
1.27828
0.234975
1.24855
1.92845
0.906971
-0.177458
1.33603
0.87254
-0.0775121
1.29032
-0.7891
1.04663
0.16598
0.723125
2.01313
1.8257
1.66313
2.09868
1.79222
0.979907
1.0858
1.76923
2.47688
1.71789
1.32762
1.1221
1.89175
0.785473
-0.00369131
1.19313
0.445478
1.61447
0.679034
0.0542647
-1.00482
0.367128
-0.688589
1.62767
1.30358
0.338044
-2.11747
-0.282308
0.955041
1.53442
0.640549
1.46311
2.15174
1.05411
-0.766415
0.268314
-0.604314
1.34456
1.59672
1.04333
-0.285937
1.1477
-0.334577
-0.767067
-0.369343
-0.0524858
1.10838
0.337536
0.475274
0.462577
1.71228
1.41813
2.39352
-0.395254
-1.50516
-0.0913982
0.138798
0.123717
-0.693632
1.04214
-0.416078
-0.407467
0.655113
-0.477739
0.70011
0.517415
0.830238
1.37446
2.47656
1.07302
1.93602
2.02541
1.80596
-0.417335
0.0464674
-0.796722
0.930829
0.570391
0.701489
3.69755
1.67265
1.26295
0.517365
1.88534
1.20822
1.01345
3.36133
1.62231
3.26505
1.44639
2.08547
2.63167
2.99103
1.94664
