-0.439537
0.178251
-1.62954
-0.494705
-1.39541
-0.257925
-0.347029
1.08978
1.66802
1.11142
1.96167
1.03825
-0.593779
-0.14396
-1.65712
-0.580529
-0.0186424
1.63079
-0.373234
-0.706789
-1.70059
-2.12195
-1.83219
-0.423008
1.92543
-0.23831
-1.09176
1.4905
-0.807622
-2.18273
0.718368
-1.6109
-0.65655
-2.50172
-2.60151
1.37176
1.62196
0.674706
0.193854
1.50037
2.04386
0.645212
0.820158
0.948581
0.215748
0.694282
1.53914
0.274663
0.974732
1.68853
1.69886
1.47063
1.8481
1.61883
1.50043
0.799131
1.48324
1.41919
0.647501
-0.179733
-2.08641
-2.21104
-1.13925
-1.80613
-1.5111
0.705998
-2.87433
-2.11436
-1.14966
-0.997525
-0.423674
-2.30816
-0.354858
1.34183
0.563086
-0.993009
-1.78601
1.10737
-1.12589
1.06603
1.0465
0.233402
0.805709
-1.06012
-1.19579
-1.20219
-1.0003
-1.54799
-2.10635
-2.08408
-0.244582
-1.38718
-0.869277
-1.20475
0.769802
0.126398
-0.564103
-1.1671
1.31968
2.88363
3.33572
2.57735
0.663756
1.37264
3.27798
2.90355
-1.3067
2.92029
2.02116
-0.706064
1.1055
-0.486274
2.64984
2.90302
3.66183
2.8829
1.62209
1.61511
2.26808
0.979119
1.96626
0.363958
-1.26095
-0.591651
-0.947351
3.86146
-0.744206
1.3667
-1.95545
-2.85883
-0.507875
-0.983936
-1.56976
-0.675153
-0.680523
0.943369
0.0375054
-0.561745
-0.399378
-1.22206
-0.624019
-0.214139
-1.26949
0.509901
-0.4415
0.993743
2.71673
3.66076
-0.197323
-1.74606
-2.65842
-0.310659
2.58537
-0.00997242
2.38919
-0.81908
0.368249
-0.418143
-0.880874
2.14275
-2.91291
-1.52418
1.86711
0.310959
-0.871059
-1.21486
0.348848
2.20543
3.33139
-2.81776
-1.93457
1.08806
-0.480777
-0.538624
-0.0306149
-2.80053
-1.81933
-1.52582
-0.981422
-1.86999
-0.588132
1.23465
-2.26003
-0.86713
-1.28181
-0.715259
0.594834
1.71741
1.92803
0.375317
2.32416
0.668606
-0.562789
0.287351
-1.61068
-0.279611
-0.167444
-1.15221
-0.87294
-1.51026
-1.084
-2.23146
0.709784
0.390179
-0.757459
-0.208492
-1.11482
0.277286
-1.65146
-2.02973
1.12681
-0.486515
-0.0237744
-1.14904
-1.63944
0.760154
2.09692
1.1704
1.1028
0.797051
1.4009
1.62637
0.539004
0.704838
1.41994
0.295829
2.47015
1.4603
1.55614
0.113223
1.55297
1.89036
1.94601
1.43092
2.06212
2.37595
1.24124
0.494277
0.569809
0.47356
-1.12401
-0.474366
-1.01916
-1.65562
-1.60588
0.741158
-1.45105
-1.17649
-1.17557
-0.619056
-0.435321
-1.68444
-0.0325752
2.95416
1.07346
-0.986728
-1.96462
1.89684
2.32599
1.75047
0.281969
0.97588
-0.968627
0.255477
-1.61499
-0.767837
-1.13339
-0.843581
-1.65836
-1.34708
-1.45821
-0.991834
-0.771644
-0.0777087
0.711801
0.737034
-0.532683
-2.10046
0.878227
1.36105
3.52522
2.56669
0.70593
1.7448
3.02321
2.97393
-0.988156
2.90802
2.2894
0.542399
0.109962
0.00683747
2.12346
3.16054
3.74789
2.32734
1.82938
2.0163
2.67955
1.58822
3.27098
1.67468
0.322852
-0.613307
-0.663918
3.28282
1.7903
1.09533
-0.0158617
-1.94265
0.0867552
-2.26502
-2.09755
-2.86365
-0.668151
1.58174
-0.508121
2.31773
0.990885
-2.15554
-1.5623
-0.823866
-1.50541
-0.344974
-0.748897
0.165869
1.87704
2.05439
-2.0755
-1.33907
-1.74695
-0.763764
2.51378
2.57654
2.93117
-1.51909
1.11196
-0.331626
-0.782072
2.15395
-2.29393
-0.786966
2.09842
0.33888
-1.97415
0.732894
1.26685
2.72169
2.1032
-3.57505
-1.80626
-0.191448
0.417726
0.75417
0.153253
-1.46526
-1.90853
-0.798444
-0.795433
-0.819198
1.14722
1.21713
0.82936
-0.179762
0.833695
1.63467
2.2704
4.07029
3.493
4.56852
2.80194
1.95045
-2.28706
-1.91486
1.46954
-1.42
-3.418
2.94947
-0.556755
-2.22628
2.37029
2.12283
2.00425
0.210004
1.50013
1.31624
0.590778
0.71107
0.524974
-0.812992
0.215229
1.17847
0.363142
1.92832
1.82768
2.29711
2.36114
2.9532
0.911946
-0.675541
0.887257
4.00718
4.48497
2.88447
1.82029
0.638078
1.86386
1.48543
3.07516
1.83101
1.95703
3.79968
1.14826
2.86341
1.8725
2.10319
3.22657
3.26975
4.261
1.59066
0.907746
0.802589
4.19448
0.932842
1.68257
3.48408
2.18104
2.88534
0.915331
1.55022
2.56271
4.44779
0.366399
1.88861
2.17845
2.06119
3.79529
0.755462
1.13734
3.51347
1.1351
2.18791
0.909899
2.34703
1.98568
1.24797
3.69284
1.02723
3.0579
3.25158
3.24993
2.62002
1.17788
3.3754
3.48766
0.799627
3.32046
0.832985
0.533272
2.89304
-0.226811
0.622998
1.11692
1.54535
3.28728
2.10209
2.14315
2.74889
1.86823
3.0249
2.11933
1.39
1.98635
2.76894
1.61467
2.31994
4.31376
2.19828
4.66585
4.60465
0.412528
-0.354193
1.35041
2.06497
2.61682
1.14032
2.91371
-0.17044
0.383191
0.0940036
1.2134
1.42738
2.28113
1.73122
2.69233
0.789226
0.115447
1.80565
-0.318791
4.35167
2.8997
2.57215
1.81889
3.15813
1.49261
1.98787
2.70107
4.01312
2.9162
1.82624
3.24779
3.20884
2.93898
2.57926
2.22503
5.01065
2.49674
4.58515
1.97515
3.22462
1.02828
2.8975
2.29061
2.68961
3.47087
3.25826
3.42516
1.01745
0.0833902
0.304892
3.04944
3.44033
0.6629
1.29191
0.963044
3.48954
2.55265
-0.0216976
0.375954
1.67478
2.8556
3.41879
3.16634
2.19653
3.25372
0.315788
0.938345
1.80106
2.45668
0.561567
-0.0490007
1.74514
0.42759
1.39785
1.29878
1.142
2.59787
2.89314
0.731262
2.62284
3.17294
2.66691
3.11536
1.44072
2.69049
2.74721
-0.772218
-1.01467
0.738625
0.810092
2.1484
0.494206
2.99518
0.132877
2.09956
0.141506
0.856989
2.31076
0.561742
3.42183
0.0475926
0.918379
-0.268135
0.928909
1.0779
-1.41522
2.65945
0.858055
-0.559182
2.15849
1.4278
0.738078
1.3082
0.0425752
3.16797
3.56822
3.81249
0.899399
0.0599978
1.45756
2.65321
2.39908
2.53264
2.00785
1.40789
0.0440114
2.90367
2.80728
1.84395
2.25049
1.10124
-0.479811
3.01327
1.43902
1.82089
2.02985
1.05842
3.00986
1.08679
1.24031
1.75906
1.53618
1.05995
2.06703
2.94302
1.88556
2.616
3.69253
4.16634
3.23538
1.52557
3.53498
4.23155
2.97649
1.68403
3.53376
0.0256142
1.14316
1.28721
4.5711
-2.0343
0.740335
-1.41262
1.02124
-2.16896
2.38969
-0.925328
-1.18428
0.690418
2.27637
-1.16152
-1.14847
1.44041
2.20124
3.34364
3.77242
2.2853
3.19639
1.44718
1.96615
0.988338
3.14243
0.819593
1.47289
0.620854
3.28095
-0.205836
1.9736
3.35826
3.90812
2.15011
0.579362
0.425943
1.33885
3.52946
2.82611
2.7375
2.32047
-0.753352
1.13994
1.67901
0.681386
0.18852
2.0191
2.98128
0.204634
0.231833
1.6081
1.37551
1.93213
0.968266
1.82584
3.5248
1.02313
0.640534
3.42358
3.48322
1.76897
1.77976
0.578446
2.90983
-0.00102911
0.643308
0.919736
0.201895
1.94537
2.31487
1.22035
2.14255
1.56942
2.17748
1.38181
1.35047
1.74341
1.02759
2.91394
1.38115
2.5027
