0.0707705
-1.68315
1.16231
-0.0380345
-0.174965
-0.814828
-0.167595
-2.712
-1.58427
-2.01901
0.639489
-0.523455
-0.155604
1.80819
0.713332
-1.46867
-0.0768602
-0.375677
-0.0800874
-1.00705
-0.273947
-0.529855
-1.29882
0.0217357
-1.21791
-0.406737
1.08914
0.684406
1.04838
2.07343
0.0440987
2.41465
1.34556
1.85049
2.28985
-3.27834
-4.2737
-1.22697
-3.18445
-3.62066
-3.55887
-3.5503
-3.14275
-2.51796
-2.7793
-1.87529
-3.17353
-1.99047
-3.39426
-2.47328
-2.64887
-3.25263
-1.54662
-2.61493
-2.80583
-1.56889
-2.44499
0.800093
-2.51648
-2.50036
-0.36995
1.17294
2.52467
-1.11442
-0.0445568
-0.651527
2.77699
1.37401
-0.858961
1.27839
1.46779
0.864501
3.24469
2.9965
2.33992
2.08459
1.23252
1.68915
3.35107
1.67936
2.00962
1.22486
0.510763
-0.21829
1.38905
1.34182
1.0271
1.06808
0.98563
0.417939
0.937352
-0.380234
0.154658
-0.287842
0.105277
-2.78607
0.99444
0.902201
-1.77452
-2.38893
-1.14963
-1.99406
-0.0290088
-0.386511
-1.54392
-0.359656
-0.473768
-1.72465
0.0915807
-1.3919
1.79911
-0.570325
-2.2138
-2.68325
-1.85595
-1.46783
-2.01684
-1.44662
0.83471
-0.885588
-0.234873
-1.62087
-0.11599
0.48969
0.825513
-1.63524
0.445666
0.424755
2.34513
3.2896
-0.215305
-0.548975
1.06591
-0.641222
-0.745312
-2.52413
0.0297873
-0.416741
1.51917
1.17867
0.767186
0.0695561
-0.309769
1.00992
1.59414
-1.15934
-3.17463
-2.34867
1.57557
3.73314
3.19954
-0.462371
-0.162213
0.0677989
-0.143364
-2.3918
-1.94296
-0.724527
-0.190109
-0.44338
2.13746
2.37344
-0.241266
-1.43014
-1.62295
-0.918424
-0.606844
-1.33958
-0.565476
1.8602
2.23244
-1.22536
-0.0865817
1.03516
-1.22917
1.57898
1.68437
-0.613098
0.238022
-0.248406
0.187941
-2.0681
0.729278
-0.0383892
-0.661485
-0.958531
-0.481464
-3.3494
-1.45421
-1.46031
-0.0385205
-0.90394
-0.377627
0.99106
-0.0932774
-2.17408
-0.196122
0.186715
-0.577396
-0.696674
-1.2382
0.126177
-3.40063
0.489979
1.67548
0.843774
0.277454
2.13361
1.07472
2.36469
-0.703039
2.886
2.11507
1.54808
2.30669
-2.78005
-3.7622
-2.11574
-3.85939
-2.63659
-3.21974
-3.77734
-2.49484
-2.10298
-1.99609
-2.24035
-2.34248
-2.02587
-2.94477
-1.93704
-3.31733
-3.93159
-1.22389
-2.6621
-2.89438
-2.86352
-1.75069
1.22974
-1.6182
-1.97834
-0.548281
1.37448
3.35554
-1.70167
-0.501246
-0.114947
2.38983
0.501676
-0.322714
0.705157
0.909181
0.947417
2.48525
2.59937
0.479007
1.92338
2.14063
0.718797
2.92447
2.90559
3.17404
2.32396
0.420147
0.310985
1.78341
1.00212
0.978298
0.61365
1.26641
1.33807
-0.527224
0.290558
-0.186996
1.34084
1.6737
-2.56457
-0.999702
0.784249
-1.04881
-2.48113
-2.97256
-2.36934
-1.14607
-0.646244
-2.25128
-0.411673
0.134537
-0.385692
-0.194616
-0.520124
1.51464
0.0342526
-1.75004
-3.06347
-2.73289
-1.96932
-1.98343
-0.83413
0.223288
-0.619394
0.256821
-0.282173
-0.5299
-0.0874678
1.08204
-1.31265
-0.275927
-0.044887
1.27903
3.31334
0.679895
0.645662
2.44157
1.65514
0.010445
-1.5109
1.25474
-1.13464
2.05553
0.90271
-0.902694
-0.828385
-0.175474
1.5644
1.92959
-0.572684
-2.94723
-0.848488
3.36895
3.29766
2.21763
0.874122
-1.54674
0.685492
-0.558847
-1.79531
-1.78391
-0.998608
-1.75959
-0.0648447
2.60197
1.68666
-0.41785
-1.0655
-0.974307
-0.536649
-1.46642
-1.52695
-1.57686
0.3522
3.15637
-0.961981
0.670792
0.367629
-0.745599
1.02925
1.94802
-1.9408
-0.402522
-0.125612
0.0659165
0.26412
0.0602965
0.307176
0.329314
0.754873
-0.182749
-0.527753
0.606377
-0.700843
-0.876402
1.2985
-0.312953
-0.963749
-2.08359
-0.677213
0.246764
-0.857478
-0.350997
-0.00429901
-0.41957
1.30622
-0.960881
-1.24484
-0.346837
-0.570279
-0.661007
0.404052
1.74471
1.44736
-2.095
1.37058
1.11734
-0.892754
0.283507
0.538093
0.802862
1.0438
-0.556129
1.24504
1.20813
-1.80516
-1.58406
0.413384
0.709762
0.99222
-1.98651
-0.650423
-1.17825
-1.29667
-1.12917
-1.22165
0.367487
-0.454235
-0.716995
-0.126272
0.883726
-0.150452
-0.504781
0.10791
-1.75359
-1.49779
-0.613268
-1.04034
-0.709795
0.970168
-0.0471442
-1.03329
-1.73574
-0.330928
-3.48465
-1.55644
-2.20942
-1.11282
-3.05042
-0.279693
-2.69145
-2.14406
-0.0684263
-0.680542
-0.168305
-1.75902
0.10261
-2.97615
-1.15117
-0.545875
-1.01693
-2.57468
-1.76801
-0.286375
-0.568797
-0.651733
0.537544
-0.768592
-0.998406
-0.345081
0.81143
-2.97102
0.025146
-0.678003
0.101658
1.4488
-2.49387
-0.499912
0.264761
0.456476
-0.772484
-1.67338
-0.312741
-1.47921
-1.58537
0.269029
0.530636
-0.742907
-1.8583
-0.987279
-1.54724
-0.9038
-0.492641
-0.244139
-0.432999
0.0395628
0.616884
0.762352
0.773799
-2.03471
-0.870586
-0.316913
2.20695
0.433026
1.8412
-2.42215
-3.31458
0.122936
-2.10513
-1.30783
-2.48941
-1.16845
-1.69252
0.31742
-1.79219
0.391561
-0.242893
-0.85151
-0.738421
-0.39903
-1.11107
-1.23088
-0.240096
-0.108488
-0.790541
-0.614351
-1.01512
0.0908943
0.155221
0.0880934
-1.32682
-0.427031
-2.62374
0.0529321
0.384573
1.11377
-1.30923
0.504748
-0.203944
-1.203
-2.92636
-3.07993
-0.801361
-1.61637
-3.11176
-1.4917
-1.64063
-2.57373
-3.64944
-1.58904
-2.61922
1.19108
1.5105
-0.181661
1.41346
-0.507358
-1.01359
-0.898328
-1.56966
1.14135
0.844673
-1.66703
-2.8179
-3.26375
0.490487
-1.97497
-0.566721
-1.07078
-0.463181
-0.59176
1.18575
0.205427
-0.492719
-1.19115
0.14524
1.99451
0.305767
-1.14937
-0.154503
1.41201
2.37412
1.86681
-2.25007
-2.31784
0.392302
0.318142
0.00756562
0.431208
1.17556
-0.0955859
0.82407
0.567202
0.228186
-0.551736
0.0341964
1.33186
-0.726922
-1.50418
-0.384804
-0.560757
-0.0598249
0.708201
1.05234
1.04569
2.11733
1.73525
1.0296
-1.01385
-0.642393
-0.761014
-1.94886
0.692804
0.71666
0.405568
1.39539
0.850835
0.0782473
0.795347
0.910801
-0.646572
1.00415
-0.218673
0.0387154
1.88948
1.0352
1.88094
-0.915523
-1.87419
-1.38234
-0.538869
-1.67708
0.901185
-0.485641
0.528657
-0.394132
-0.54429
-0.731485
0.774722
-0.517521
-1.44313
-0.70066
-0.10037
-0.957119
1.25092
0.0295603
0.229617
-0.328941
-0.292694
-0.261717
-1.10803
0.0418369
-0.654539
0.667283
-0.368412
-1.29436
0.713178
1.49201
0.677631
-0.264463
-1.56245
-1.19279
0.746611
0.995348
-0.686995
-0.873682
1.68645
0.635628
-1.92936
0.257948
-1.13535
-1.27095
0.904058
-0.301186
-1.30275
-0.0577232
-0.164212
-1.05069
0.453275
0.407711
0.928836
0.404927
0.234175
-1.56001
-2.24812
0.673677
-0.777565
-0.510112
0.143504
-1.58154
-0.6005
-0.326367
-2.83701
-2.46146
-1.9494
-3.11927
1.11602
-0.780824
-1.38498
-0.767949
-2.45547
0.569865
0.970805
0.597226
0.051408
-0.609837
-1.07821
0.328763
-0.348676
0.0787147
-0.303151
-0.739966
-0.933389
-1.03847
1.44316
-0.543603
-0.667101
0.42809
0.160576
0.220852
-1.34146
-2.60644
-2.5054
-2.01014
-0.68751
-0.669944
2.21413
0.585109
-1.46578
-1.42466
-1.09125
-0.776824
-1.35764
