0.0648103
-1.42573
1.45519
0.127509
-0.13353
-0.62012
-1.00195
-2.70028
-1.85775
-0.784123
1.35446
0.636542
0.0552695
2.18162
1.56328
-0.13214
0.704819
-0.841006
0.970795
-0.940222
0.519426
-0.177775
-0.633347
-0.466758
-1.64709
0.599127
2.285
0.249575
2.40394
3.06165
0.925566
2.8452
1.87522
2.83336
2.93082
-2.62957
-4.42896
-1.13914
-2.90597
-4.11674
-4.17472
-2.12321
-3.6605
-1.46801
-1.87005
-0.724835
-1.89922
-1.24986
-2.39765
-1.56334
-2.47364
-2.99899
-1.60669
-2.12162
-1.84804
-2.23151
-1.96494
1.63963
-2.09079
-2.66655
-0.197941
1.62244
3.21321
-0.884483
-0.0670601
-1.19821
3.97622
2.49145
-0.0028553
2.74714
2.08331
1.47037
4.64965
2.35407
1.75011
0.107738
1.20516
0.788221
3.53398
2.02766
2.31289
0.183994
1.29815
0.168047
1.80848
1.21337
1.67416
0.848412
1.0317
0.569857
0.837908
-1.22963
-0.187654
-1.06291
0.703047
-1.92823
2.31916
2.57984
-3.18672
-3.2113
-1.47812
-2.41242
-1.15296
-1.10817
-2.01944
-2.36339
-1.3713
-2.56016
-1.83868
-2.53125
0.926803
-1.84859
-3.04799
-3.58667
-2.41012
-1.34761
-1.27143
-2.70083
0.378127
-2.40672
-0.817642
-2.39194
-0.620653
-1.12538
0.926538
-2.40805
-0.422815
-0.566566
1.9316
3.06039
-2.10066
-1.02204
0.959668
-1.15996
-1.11701
-3.36654
-0.201848
-0.053492
1.18794
1.69128
1.59375
0.900186
0.555128
1.5242
2.47678
-0.111175
-3.38436
-3.05944
1.80686
3.56433
3.57038
0.161644
-0.657642
-0.203702
-0.710603
-1.18358
-1.44721
0.0477007
0.189808
-0.678298
2.35076
3.3972
-1.5973
-1.6319
-2.13807
-1.6862
-2.33719
-2.35378
-0.875379
2.23266
1.62504
-2.7149
-0.632548
-0.0665777
-2.02136
0.793553
1.4373
-1.5549
-0.218184
0.103748
0.00718342
-2.4383
1.44264
-0.0152689
-0.655729
-0.883162
-1.31948
-3.31625
-1.62877
-0.406763
-0.250441
-0.548641
-0.117426
1.34102
0.812078
-0.678621
0.623409
-0.106743
0.143883
-0.51578
-0.673445
0.917248
-3.23634
0.0190325
1.09075
1.53019
1.48088
1.85982
2.33746
2.82156
0.230172
3.72313
2.17798
2.24291
3.40764
-2.89384
-3.94645
-1.71188
-3.65807
-2.92602
-3.82321
-3.13193
-2.6161
-0.890317
-1.05202
-0.598058
-1.40647
-0.646306
-1.90086
-1.2187
-3.22343
-3.87979
-1.22597
-2.10591
-1.85052
-2.9974
-1.9785
1.34109
-1.78884
-2.46639
0.197627
1.4975
3.6081
-1.93653
-0.579095
-1.12937
3.6408
1.48197
0.261472
2.39235
1.55531
1.5903
3.7537
2.60926
0.737945
0.683074
1.87271
-0.563192
3.07534
2.93448
3.0723
1.31538
1.15259
0.208056
1.76987
0.823172
1.97347
0.386492
1.0837
1.34132
-0.407918
-0.815708
-1.05444
-0.190412
2.30182
-1.37576
0.586753
2.3658
-2.41748
-3.32938
-3.1374
-3.20532
-2.07084
-1.06493
-2.68761
-2.2081
-0.673791
-0.77645
-1.75968
-1.47374
0.405889
-1.26175
-2.84937
-3.77882
-3.81526
-2.15304
-1.32963
-2.14606
-0.574255
-2.18963
-0.31897
-2.02964
-1.13074
-1.43383
0.94746
-2.24157
-1.66648
-0.890769
1.00102
2.76013
-1.01603
-0.300041
2.45521
1.32991
-0.508267
-1.81375
1.45277
-1.04868
1.12012
0.0756413
-0.760058
0.25469
0.509475
2.01461
2.66821
0.136035
-3.8988
-0.923423
3.96392
3.31798
2.89997
1.63169
-2.1515
-0.103054
-1.64804
-1.35728
-1.29425
-0.127642
-1.25851
-0.388167
3.09016
2.80658
-2.00341
-1.34498
-1.23969
-1.733
-2.84912
-2.76226
-1.7127
0.721214
2.40032
-1.99599
-0.254157
-0.764123
-1.92839
-0.250154
2.34677
-2.43068
-0.685254
0.414819
0.070787
0.0586281
-0.18601
0.0532777
-0.0919344
0.207664
-0.290012
-0.348488
-0.154246
-2.29197
-1.60297
1.10655
-0.68837
-1.11907
-1.84384
-0.456417
0.591205
-2.43201
-1.51284
-0.362526
-0.651226
1.17242
-0.210311
-1.16761
-1.7273
-1.9773
-2.01058
-1.07917
1.25186
0.753129
-1.99647
0.661309
0.66116
-1.06365
-0.0539446
0.244939
-0.48129
-0.40763
-1.50386
-0.244072
-0.126296
-3.18152
-3.23902
-0.998194
0.180282
-0.0139303
-3.14353
-2.29244
-2.94801
-1.91279
-2.97628
-2.57593
-0.0434919
-1.67093
-0.533669
-0.791574
-1.24551
-1.59965
-1.8706
-1.33766
-1.43721
-0.862786
-2.44944
-2.45219
-2.54869
-0.83757
-1.27059
-1.93617
-2.79385
-1.07244
-3.52603
-2.20004
-2.75299
-0.79123
-2.6993
-0.532311
-3.30187
-2.48477
-0.450212
-1.91848
-1.30815
-2.55029
-1.1006
-3.94307
-1.37998
-1.53631
-1.89605
-3.46763
-2.78141
-1.36258
-1.00692
-0.530181
-0.352718
-2.03809
-1.98857
-0.0676197
-0.803444
-3.0872
0.526984
-2.70514
-0.300408
-0.183995
-2.208
-0.345011
-1.68091
-0.714627
-1.61932
-2.31086
-1.20779
-3.00438
-2.8485
-0.564853
-1.01437
-2.00785
-1.90365
-2.65035
-3.30656
-2.14746
-1.99697
-1.81859
-0.228532
0.896611
0.928771
0.486388
0.0470633
-2.93708
-1.88132
-1.4927
1.32926
-0.492495
1.05104
-1.95077
-3.31876
0.193184
-3.89004
-0.972727
-2.27793
-1.39795
-1.21384
-0.250458
-3.09621
-0.789224
-1.78346
-1.21259
-1.34119
-1.39985
-2.07099
-2.48658
-1.19387
-0.7601
-2.13366
-2.17559
-2.61277
-1.75083
-1.42373
-1.10398
-2.1171
-2.12593
-3.52709
-1.17467
0.0159597
0.110174
-1.67623
-0.666981
-1.90595
-2.78466
-3.10405
-2.67381
-1.14213
-2.05417
-3.63426
-2.73782
-1.21709
-2.65923
-3.31218
-2.2013
-2.4428
1.36102
0.514651
-2.31458
-0.312076
-1.22131
-1.51191
-2.21276
-2.90133
-0.130538
0.173351
-1.77268
-3.13448
-3.41273
0.652287
-1.62333
-0.127056
-1.49736
-0.26435
-0.0736205
-0.848171
-1.26523
-0.721716
-1.02829
-0.0988224
1.74636
0.368526
-1.07759
-1.28878
1.19463
1.39634
0.771347
-2.75838
-2.7429
0.264889
0.480413
-0.623806
-0.10648
0.197288
-0.753983
-0.208125
-0.754086
-0.528806
-1.52021
-0.654526
-0.765889
-0.530085
-1.58272
-0.743162
-0.878129
-0.908601
-0.0713218
0.218538
-0.135379
0.943518
0.020334
-0.513481
-2.35901
-1.55229
-1.95239
-2.68476
0.013483
-0.131984
-0.417692
-0.363857
-0.920375
-1.46188
-0.113741
-0.52468
-1.97742
0.56971
-0.495575
-1.11936
0.654232
-0.06472
0.768348
-1.99657
-3.18402
-2.26714
-1.40093
-2.36562
-0.484869
-1.86843
-0.446679
-1.82417
-1.12075
-1.3791
-0.779598
-1.41813
-2.70054
-1.36826
-0.624619
-1.74988
0.748882
-0.640048
-1.19329
-1.10524
-1.26057
-0.37653
-1.83554
-0.612772
-1.02673
0.229544
-2.11449
-1.87787
0.277851
1.11121
-0.118752
-1.10046
-2.10044
-0.81688
-0.375189
-0.124913
-1.31661
-0.533497
0.742495
-0.810646
-3.09458
-0.772154
-2.15712
-1.69158
-0.567909
-1.35831
-1.55122
-1.6879
-1.10572
-1.08121
0.859053
0.113351
0.147601
0.0394495
0.548144
-2.26644
-3.67652
0.0390732
-0.624601
-0.475335
-0.804631
-3.03216
-2.20665
-1.4818
-2.29693
-2.29106
-2.54575
-2.49074
-0.756395
-0.179646
-1.40201
-0.652214
-2.6823
0.78618
-1.14347
-0.899729
-0.67401
-0.718064
-2.1535
-0.445732
-0.713094
-0.151566
-1.27361
-1.13002
-1.70355
-1.88578
1.17337
-0.783857
-0.594036
0.463586
-0.608249
-0.799673
-2.03127
-2.87116
-2.31057
-2.53766
-1.17186
-0.819369
1.74365
0.0761268
-1.29997
-2.01087
-1.67509
-1.06227
-2.00537
