0.365477
-0.443855
0.928245
-0.0712093
1.03022
0.0307936
0.487226
-0.976766
-2.05786
-2.19481
-2.16247
-2.66557
0.288342
-1.20996
-0.651262
-1.51279
-1.62316
-0.4062
-0.539032
1.1021
0.293287
1.7826
0.952082
-1.0823
-0.771612
-0.705645
-1.08692
-2.615
-1.45684
-0.80714
-2.34504
-1.03926
-0.832456
1.04515
0.917834
-0.705479
-1.48423
-1.87455
-0.111441
-1.19354
-1.51214
-0.903982
-0.786279
-1.25917
-0.0638268
-1.33978
-2.13173
-0.332968
-0.814225
-1.9628
-1.93529
-1.28395
-1.8502
-2.31193
-1.93717
-1.17211
-2.26379
-2.46287
-0.599969
0.366675
0.643902
-0.0971442
-1.15193
0.52283
1.02542
1.44975
0.374848
-0.319137
0.0942571
-0.327476
-0.326685
0.034106
-1.07805
-1.25299
-0.53871
1.96547
1.49927
-1.47447
-0.40794
-1.26329
0.117274
0.148682
-0.253827
-0.625658
-0.0319409
0.249553
0.00414564
2.73629
1.66924
2.92251
1.72411
3.53391
2.8469
2.6396
-0.574594
-1.29286
-1.88584
-0.307975
-0.861949
-2.4456
-3.0887
-1.91978
-0.712748
-1.36605
-2.96364
-0.904999
1.11071
-2.33477
-0.992471
0.846886
-0.282567
1.11093
-1.49937
-1.40278
-2.37676
-3.38173
-2.31516
0.637075
-1.23516
1.74733
-1.49197
1.57035
1.61172
-0.00169253
-0.897879
-2.39078
1.7976
-0.157607
1.11858
2.36976
2.26992
3.24162
2.22276
2.00006
2.29026
1.07176
0.703127
1.35579
-1.14837
-0.84054
0.0863303
-1.28158
0.233815
-1.37589
-0.533515
-2.32623
-2.31286
-2.63625
-1.05795
-0.408481
0.396596
-0.580679
-2.73481
-0.128936
-0.905317
0.288102
-0.146029
-0.945763
0.579266
-1.6082
0.798184
-1.39716
-0.719628
1.17741
1.9175
2.23298
-0.0420501
-2.34446
-1.34696
1.43501
1.36549
1.17061
-0.775794
-0.0977894
-1.12828
3.22795
1.67913
1.36143
0.366683
0.145519
0.323474
-1.89205
1.27011
0.476758
0.871081
-0.00510512
-0.800549
-1.33082
-2.07283
-1.41217
-2.21661
-1.78553
-0.167414
-0.133603
-0.052696
-0.669399
-1.32211
2.13239
-0.459691
1.72069
0.728349
1.56003
-2.21578
-1.99392
-0.00674699
-0.656766
-1.04116
-1.29724
0.00154774
0.150213
-2.21191
-1.53512
-1.00775
0.202208
-0.482348
-0.556318
-1.14126
-2.41451
-0.859207
-0.506339
-0.747551
-1.80074
-0.731684
-0.734392
-1.67386
-1.36636
-2.4116
-1.95168
-2.03939
-0.286824
-1.21359
-1.93174
-1.96814
-1.28105
-2.0765
-2.3949
-1.86919
-1.43517
-1.1839
-0.227657
-0.167507
0.313682
0.991289
1.8357
1.75728
1.8648
-0.525612
-0.680886
0.733598
-0.3719
-0.117848
-0.122472
-0.223863
-3.38688
-0.649587
1.6918
3.05132
-1.84162
-1.91238
-1.23211
-0.475925
0.682762
1.66442
-0.834439
0.719701
-0.804769
0.298665
2.21364
1.23521
1.37315
1.59392
2.72017
1.94448
1.50998
-0.384845
-1.48791
-0.45711
-0.0589107
-1.04729
-1.08533
-3.40876
-3.27744
-0.711802
-3.09928
-2.78632
-1.78951
1.05954
-2.18617
-0.856514
0.112643
1.40649
0.231121
-2.04838
-2.6421
-2.56525
-1.88028
-1.18657
0.45449
-0.778309
1.65273
-2.21606
0.736343
1.34573
0.370369
0.172243
-1.85627
0.800343
-0.918756
-0.463608
1.49429
1.83354
2.40261
1.83809
3.08231
1.92104
0.65258
0.796556
-0.801663
-2.02139
0.573234
0.603229
-0.145753
-6.70779e-5
0.59665
-0.00665529
-1.51602
-0.915689
-1.62747
0.475229
-0.179626
-0.210184
-0.384057
-2.00678
-1.62866
-1.169
-0.282428
-1.34425
-1.16659
0.405773
-2.21732
0.586014
-1.6126
-0.245395
0.97209
1.7752
1.25759
-0.387575
-2.39338
-0.489067
2.17057
1.28343
1.78837
-1.89888
-1.62895
0.0901421
1.69642
1.65312
1.51849
0.00905708
-1.10134
1.10936
0.988507
1.12448
1.21329
1.04907
0.718714
-0.365534
-2.29975
-2.05704
-1.47903
-0.45711
-0.983816
2.72661
1.69948
-0.469621
2.67111
3.55476
-0.678108
1.75893
1.67205
-0.231402
-1.24634
-2.19963
0.948193
0.480377
0.369476
0.876613
0.261224
0.243481
0.824924
1.53272
-0.630268
0.0956106
-0.58748
-0.322189
-2.72186
0.429243
-0.725399
0.17116
2.15739
0.865051
-1.61417
-1.57803
0.170022
-0.651044
1.39929
-0.888597
0.988744
-1.27119
-0.30046
0.156023
-2.23669
-0.289016
-1.26259
-1.38587
-1.01738
-1.57972
-0.697969
-2.87438
-0.479741
-0.332585
0.761225
-2.16664
0.406402
0.0679661
-0.741294
-1.08121
0.0126113
0.947605
0.0729081
-0.109622
-2.15436
0.0330068
-1.9363
-0.830937
-1.50559
-1.13155
0.064769
-1.66896
-0.962349
-0.769722
-0.548488
0.000242939
0.436273
-1.25586
0.20324
-0.368804
1.28785
0.0446589
-0.99251
-1.81549
-0.760225
-0.18167
-0.978724
-0.837759
-0.32521
-1.0949
1.08875
-1.77125
-0.0359934
1.23984
0.648352
0.557458
-1.53122
0.389313
-0.242991
-0.368167
-0.253721
-0.0575591
1.22346
0.208509
-0.629509
-0.0890907
-1.40105
-1.0203
-1.50037
-2.16627
-0.620559
-2.11624
-2.12289
1.52205
0.872633
0.523221
0.188949
-0.754698
-0.414737
-0.906516
1.14606
-0.580785
-0.40494
-1.71342
-0.36461
0.442532
-0.914352
1.04431
0.612421
0.702402
0.786027
0.608477
-2.61121
0.762768
-1.119
-0.265634
-1.49363
-1.68706
-0.216102
-1.80997
-1.83359
-2.63354
-1.47889
-0.449692
-1.5897
-1.73966
-0.886683
-0.872369
-2.67317
-1.89321
-1.99943
-0.889882
-2.01527
1.00086
-0.538632
-0.0137051
-1.50845
-0.0784107
-1.25034
-1.71987
0.128946
1.36033
-0.187269
-1.10719
-1.06438
-0.722696
1.19089
0.536606
-1.62603
-1.19851
0.151424
0.416031
0.235369
-1.11342
-1.43729
-1.23318
0.330854
0.361222
-0.579321
-0.752923
-0.0207917
-0.28359
0.623228
0.558045
0.0437388
1.70363
-0.355511
-0.137432
-0.354805
-1.401
0.862998
-0.0140633
-0.0402451
-1.30898
-1.64515
-1.13558
1.19255
-1.54328
-0.888818
0.0625204
-0.405187
0.625776
1.56887
-0.558503
-0.868487
-1.27384
0.907348
-0.285643
0.943885
0.742076
0.323389
-0.930843
-1.6128
-0.40868
0.881198
0.439941
1.58194
0.99207
2.03522
-0.405822
0.769693
1.6883
-0.0508177
0.311243
1.12624
-0.353472
-0.0333221
-1.58003
-1.73195
-1.66
0.557495
0.522249
-0.115417
-1.90739
-1.07994
-1.96501
-1.25065
-0.91237
0.932576
-2.48437
-2.44909
-0.503472
-2.28007
-0.234883
0.917681
-0.777384
0.0555048
0.114874
-0.935161
0.397208
-1.21707
-0.00915942
1.91192
1.22844
0.666447
-0.223865
0.00865527
-2.08436
-0.263465
-1.85878
-1.39633
-1.32584
-2.41989
-0.942859
-2.05988
-1.11567
-1.60042
-0.804757
-2.43957
1.94546
0.958106
-0.733428
-1.66988
2.17929
-0.101146
0.0633043
-0.343239
2.05582
-0.820148
2.13675
2.61507
0.158554
0.0472214
2.14361
1.34083
0.919927
0.37666
-1.74402
-0.847481
-0.811062
-1.09589
0.694
-1.4743
0.973402
-1.40731
0.205171
0.487139
-1.07777
-2.12314
-0.181531
-0.414491
-0.60474
-0.247256
0.59353
-0.229763
-0.288341
0.201997
-1.52693
0.0127866
-1.61994
0.346578
0.571069
-0.101898
-0.397148
1.06876
0.0187563
-0.0649268
-1.07081
-0.914283
0.476403
0.453513
0.947281
-2.43011
-1.9069
0.25571
-3.42926
-0.0870958
-1.06743
-0.97022
-1.35859
-0.705016
-0.711309
-0.518304
-3.06598
1.48925
1.31539
0.353537
-0.0498944
0.0203845
-0.516157
-0.560497
-0.713014
-1.39756
-1.95367
-1.63562
-1.11029
-2.17688
-0.728741
-2.15672
-1.29534
-1.85909
