0.269061
0.655406
-0.749969
0.568226
0.393413
1.21643
0.751423
0.743446
1.08039
1.36075
-0.475771
-0.463785
-0.0929821
0.677427
-0.438531
0.544142
0.329515
0.842013
0.154055
0.381549
-0.803964
0.21231
0.557967
1.99497
0.88013
-1.81588
0.243663
1.05557
-0.182384
-1.05143
0.873338
-0.316693
-0.15242
-0.733855
-1.37503
1.99322
2.35252
2.21547
0.921102
1.89682
2.50677
1.14875
1.42479
1.17408
0.586633
0.903759
1.15465
1.00551
1.44045
2.59
1.01525
1.04714
1.60337
1.29293
0.869406
0.387641
2.42577
1.17192
2.03638
0.986825
-1.46361
-0.949046
-1.82072
-0.343319
-1.24467
0.170645
-3.26269
-0.886492
-0.826687
-2.28593
-1.14856
-0.863735
-1.78584
-2.21072
-2.67785
-2.04591
-0.00124829
1.13086
-3.75617
-0.339207
-0.950553
0.144654
-0.382267
-0.337701
-0.787744
-0.459779
-1.05461
-1.4574
-0.722803
-0.729665
-0.166813
-0.829395
-1.43146
0.016848
1.96824
1.12676
-0.965322
-1.31559
1.37612
2.95661
2.2954
1.60371
2.02291
0.956848
1.51294
2.44857
1.67674
1.83514
1.16029
1.21172
-0.966166
-0.106574
1.59867
1.99885
1.90323
1.33667
1.258
1.14407
1.40706
1.27391
1.21994
1.31789
-0.310954
1.2622
-0.119537
2.59208
0.606804
0.562102
-1.43004
-1.94931
0.119786
-0.950276
-0.286798
-0.0403628
1.1201
1.94111
0.606238
0.605074
-0.050418
-0.799374
-1.49847
-0.929051
-0.418564
1.29874
0.234808
1.11871
2.47693
2.57411
0.214421
-2.87879
-2.21468
0.376437
0.922907
0.472108
1.64
1.15648
0.920308
1.1829
0.104732
0.97298
-0.893968
0.0701843
1.37032
0.289223
0.133779
-1.73257
1.85032
2.34763
0.703312
-2.12718
-1.14684
1.1322
2.26442
1.67913
2.60379
-1.23286
-0.973235
1.60884
-0.760074
-1.54395
0.451146
1.74304
-1.66102
0.53674
0.699886
0.476995
0.777884
1.58089
1.45174
0.917136
1.16676
0.390037
0.701529
0.511668
0.273626
0.694124
1.05966
-0.55904
1.12974
0.506911
1.04655
-0.895794
1.93211
2.73346
-0.828716
-2.35298
-0.160292
-0.731669
0.156482
-1.21848
1.43727
-0.689085
-0.138686
-0.770432
-1.44544
1.21832
2.09433
2.71249
1.74915
0.705826
2.80643
1.95958
0.336153
0.830564
1.30434
1.79436
1.14825
0.814394
1.60599
1.66791
1.51236
1.33717
1.58158
0.776036
1.19194
2.27244
2.02924
1.14697
2.03214
0.859702
-1.44793
-1.65877
-2.7699
-1.83819
-1.79111
-0.0563886
-2.40997
0.0328176
-1.99703
-1.52183
-1.7611
-0.491134
-1.37981
0.315006
-0.58528
-1.33678
-1.59679
2.4494
-1.13224
0.0285372
-2.37649
-0.260729
-0.748094
0.0557512
-0.883323
-1.91659
-1.9719
-1.54408
-0.563489
-1.5551
-0.507056
-1.00072
-1.48467
-0.565895
0.256946
0.527223
0.578166
-1.38162
1.18785
2.01114
2.189
2.65375
3.59469
2.21629
2.22608
2.25946
0.926738
0.8113
1.4279
2.10875
-1.4069
0.431119
1.76691
3.17009
2.48644
0.47848
0.64034
0.856947
2.098
1.15512
1.54859
2.34278
0.534225
1.59782
-0.603942
2.16028
1.32648
0.426665
-0.162711
-1.06256
0.126059
-0.887201
-1.14783
-1.87204
0.258816
2.1975
0.00820602
1.80369
0.020561
-1.39386
1.08671
0.234637
0.121071
0.124992
-0.968694
0.951686
2.10304
1.89063
-2.04533
-2.33324
-2.04626
-1.19139
1.70689
0.815922
1.67662
1.49846
0.854429
1.20679
1.55018
1.03571
-1.68515
0.346221
0.0810005
-0.0157589
-1.01661
-0.0377597
2.89095
2.36744
0.606733
-1.13922
-1.19512
1.12721
2.20992
2.33107
1.63983
-0.449721
-1.19386
1.97691
-1.06693
0.199499
0.0644269
-0.331309
-0.809885
-2.06068
-0.205485
-0.122224
-0.430486
2.15486
1.15588
1.9611
1.90294
0.148745
-2.39761
-1.68676
1.5622
-0.656957
-1.64602
1.43531
-0.204449
-0.798888
0.811795
0.741923
1.91474
1.57369
2.50818
1.90208
1.68656
-0.00171293
-0.207841
-0.461312
1.27947
-1.05444
-0.894228
1.70249
0.982665
1.49846
1.3689
1.22466
0.165689
-0.463607
-0.202754
2.14504
2.1415
1.93937
1.36885
-0.720384
2.09831
0.619899
1.07079
0.868796
1.46129
3.01212
-0.952816
1.39551
0.485864
0.934144
1.97542
0.997321
3.21202
0.922829
-0.441031
-1.17786
2.32119
1.98704
1.10418
1.72372
1.29951
2.28853
0.458778
0.54292
3.15835
1.7851
2.47911
1.75589
3.44918
1.15356
3.44194
2.38184
0.977912
1.41319
0.393677
-0.623199
0.729238
2.87944
2.5815
0.463879
2.15069
0.855107
1.68705
2.51483
0.772815
-0.475973
0.550448
2.17988
0.858687
1.157
1.91379
1.78836
1.1168
1.65602
0.319205
-0.762933
2.01875
1.14228
1.54147
1.74935
0.340448
1.63361
1.10158
1.81011
1.32965
0.643954
1.15379
0.592983
0.891602
1.22667
2.98963
1.27774
1.91005
1.64082
-0.903473
-1.16012
-0.58409
-0.0369795
-0.370217
1.51189
1.83965
-0.683246
-0.346666
0.0574946
-0.668445
1.5706
2.24391
0.878785
1.73008
0.477156
2.40013
1.53943
1.58769
1.05655
2.39353
0.904879
0.683721
1.06556
0.71682
1.26878
2.33282
1.65334
0.266942
-0.322669
1.59488
0.991522
1.49115
1.33583
0.315997
2.96673
1.82127
2.5413
2.3733
1.65154
-0.583803
-0.000912171
1.22343
0.984356
1.52355
1.64014
2.61594
1.53595
0.64562
2.0253
3.51069
2.01163
0.669397
2.31275
2.97284
2.41687
2.70531
-0.307653
1.01697
1.13795
0.691716
1.9842
2.08955
1.01433
0.996444
0.398389
-0.333111
1.68374
3.16308
0.959498
-0.088391
1.65374
-0.0675868
1.50471
0.969049
0.575378
0.551338
0.870155
0.504577
1.08953
0.799978
-0.609424
0.530998
0.0562388
1.92826
1.6787
-0.579488
-1.2384
1.39106
2.33471
1.18409
1.07448
3.0489
-0.115354
1.2813
1.30921
1.14532
0.953764
0.640558
2.33659
0.284759
0.0577517
0.275157
1.50657
0.981063
-0.896704
2.66861
0.786574
-1.20353
1.02351
0.0659816
0.508801
-0.165837
1.14583
1.85662
2.05859
2.38736
0.524175
-0.102807
0.219148
1.03862
1.26068
1.32791
2.03115
1.44135
0.508725
0.502205
1.43081
2.10835
1.43414
0.615432
-1.14206
1.26666
0.964711
0.445956
0.270644
0.761539
0.835101
1.27129
0.295855
1.17496
1.56817
1.15835
1.69393
0.441256
1.4153
0.395354
0.289282
0.855759
1.39926
-0.385912
1.49227
0.49515
0.465374
0.281419
2.22678
-0.947992
-0.205797
0.570466
1.66422
-1.7075
0.144172
-1.05427
-0.458354
-1.77676
1.63744
0.815754
-0.48778
0.352335
0.886993
0.526202
-0.935249
0.563694
1.17405
1.28117
1.48371
0.00263421
0.401408
1.30186
2.15995
0.642072
1.95903
0.835036
0.0988999
0.302503
1.3177
-1.10967
0.379871
2.35667
2.17135
-0.137778
1.54611
0.602915
1.06337
2.30625
2.34368
1.75954
1.90644
0.708681
1.91781
2.49412
0.495044
0.791656
1.17986
2.40884
0.647158
-1.95827
1.26664
-0.816578
0.218221
0.417516
1.16311
-0.130917
0.576837
-1.56929
0.886123
0.415246
2.61235
1.31671
-0.0766809
1.92646
-0.835402
-0.680657
0.27252
-0.0989507
0.491324
2.17454
1.99531
1.04434
-0.147542
-0.431092
-0.208998
0.0108941
0.588738
0.822473
1.06086
0.265428
0.768881
