-0.0363002
0.451991
-0.558629
-0.996054
-0.860307
0.62556
0.0114571
2.30279
2.44796
1.40505
1.61223
1.30602
0.231854
-0.255513
-0.274016
0.949878
1.27003
1.78502
1.21365
0.29395
-0.34496
-0.848079
-0.373877
-1.11587
1.85873
0.403922
-0.0284325
1.03043
-0.246218
-1.38969
0.623063
-0.953959
-0.0771249
-1.25971
-1.74848
3.01259
2.23101
1.09052
1.90512
2.5614
1.63497
1.83098
1.1182
1.08681
1.12214
2.00491
2.89505
1.11967
1.78964
1.57785
3.25222
1.94067
2.1332
2.72318
2.17894
0.602297
1.33691
1.5406
0.527089
-0.242381
-1.87294
-1.31854
0.00709302
-1.76255
-1.56896
0.27716
-1.54971
-0.599903
-0.412728
0.925566
0.339851
-2.13489
0.0139137
-0.569751
-0.392397
-1.51976
-1.53205
0.0523944
-1.03689
0.58293
0.744183
-0.618154
1.23638
0.161166
-0.862193
0.312926
-0.0233546
-1.59242
-1.86719
-2.10952
0.341697
-1.19821
-1.60871
-2.09319
1.39327
0.716452
0.322015
0.122483
0.206119
2.59349
2.59088
1.35209
-1.1916
0.234322
2.52701
0.158299
-1.89486
1.35359
-0.0778874
-1.92302
0.0498193
-2.61631
1.31172
1.46355
2.14023
2.70611
1.62372
1.00339
0.0560048
-1.20946
0.354173
-1.26714
-1.71984
-1.14754
-1.22185
1.6804
-1.62099
-0.068966
-2.26785
-2.94941
-2.44079
-1.44744
-1.12466
-0.779799
-1.75571
0.540115
0.0825515
0.390065
-1.17541
-0.514413
0.405046
0.524288
0.406025
0.405158
0.189217
2.16602
2.46706
2.91411
-0.125892
-1.52645
-1.93721
1.67771
0.927547
-0.127883
0.958796
0.427064
0.624118
0.236691
0.493328
0.966814
-2.41907
-0.543265
1.00678
-0.231631
-1.47283
-1.46229
-1.39184
0.885816
1.94716
-1.97563
-2.37689
-0.23047
-2.05374
-1.79516
0.827554
-2.7681
-0.964081
-1.84591
-0.896263
-0.569143
-0.132576
0.938511
-1.83351
-1.05442
-1.14984
0.257741
0.111196
2.90087
2.41858
0.78979
1.8742
0.791527
-0.0690376
-0.271339
-0.373574
1.43006
1.18831
-0.0500916
0.33429
-0.55014
0.0744477
-0.715483
1.00556
0.123681
0.34834
0.503406
0.00717582
1.30616
-0.271243
-0.908394
1.06402
-0.238835
0.146
-0.268337
-0.80137
2.38177
2.07396
1.22184
2.28375
2.22705
1.65909
2.98337
1.5054
0.966534
1.7286
2.44061
3.76684
2.55962
2.6062
1.25987
3.06581
2.32215
1.94031
2.67659
2.66467
2.60981
1.2051
0.633997
-0.226937
0.210431
-0.591036
0.842167
0.573487
-1.71489
-0.870828
0.700092
0.0101679
0.205225
0.13942
1.20896
1.35715
-0.977847
0.193347
1.66878
1.13481
-1.25864
-1.66056
0.62915
1.50347
0.697814
0.209686
0.449579
0.311411
1.55714
-0.689978
0.204138
0.0663706
-0.670002
-1.72263
-1.72457
-0.846182
-1.53422
-0.558352
-0.991126
0.205189
0.960119
0.204507
0.0628204
0.357046
1.03891
3.52393
2.28857
-0.767612
1.54103
2.60372
0.125047
-1.79955
1.37546
-0.0150098
-1.04745
-1.01821
-2.00095
1.24545
1.2866
2.38019
1.88391
1.63765
0.333868
-0.54973
-1.41329
1.11731
0.0146495
-0.626476
-0.711835
-0.797261
1.03892
-0.110312
-0.329984
-1.23664
-2.15536
-1.81294
-2.59757
-1.57112
-3.0742
-1.24095
1.77535
-0.632747
2.52531
0.0941153
-1.40843
0.085205
0.799549
-0.0666934
-0.0880793
0.393168
1.674
1.82545
2.14032
-0.92716
-0.790351
-0.0862942
0.942341
0.723442
1.00387
0.852139
-0.775898
0.535204
0.905839
0.0913163
1.06811
-1.4452
-0.0471142
0.654346
-0.0975232
-2.209
-0.304811
-0.469492
1.33832
1.87689
-2.59965
-1.72115
-1.16447
-0.671758
-0.408799
0.10504
-2.23747
-1.30258
-2.34425
0.470494
0.143069
0.89755
0.579785
-0.0482728
-0.1601
-0.26035
0.223546
-0.510294
1.41744
0.708628
0.821624
0.544734
0.673273
-2.55608
-1.2841
1.16688
-0.229566
-2.68225
1.469
0.0186903
-1.40049
1.74479
0.420413
-0.796156
-0.727824
-0.878537
-1.57101
-0.832776
-2.69536
-1.82701
-2.45121
-0.319604
-1.03216
-0.484531
-1.35649
0.0455855
1.8229
-0.898416
-0.397089
-0.636901
-2.45795
-0.359148
0.71576
1.12029
-0.896597
-0.731808
-1.71543
0.908633
-0.92957
0.53977
0.186764
-1.10998
1.50162
0.135244
-0.0563201
-0.0864665
0.664652
0.533681
0.381212
2.22573
-0.392419
0.197502
0.682739
1.5627
-0.837922
-0.00637483
-0.0263908
-0.0637605
1.73262
0.102139
0.383453
2.6429
2.10403
-0.686838
0.695684
2.34042
-0.00729351
2.72762
-0.484147
0.361689
1.55911
-0.558499
0.805029
0.0830256
0.921052
0.791162
-1.63888
-0.0108726
0.00428534
1.715
0.648424
1.29738
1.46714
-1.04317
0.922787
1.38145
-0.497072
0.442437
0.712268
0.261432
-0.192859
-1.60444
-1.15629
1.18594
0.336372
-0.00587838
-0.344371
0.360894
0.799083
-0.903526
-0.737204
1.02642
-0.192357
-0.358394
1.35289
1.02795
0.025746
2.03064
0.0916164
2.04698
2.08872
0.0426163
-0.59073
0.467684
-1.04988
1.39443
-0.211989
1.21294
-1.79468
-2.11396
-2.59707
-1.28081
1.22167
2.34447
1.87531
0.343257
1.33504
0.374858
2.34989
-0.0530893
2.67008
0.0408381
-0.501471
-0.32679
1.03349
-0.252272
-0.534562
0.461051
1.6083
1.59761
-0.378976
-0.250595
0.487059
-0.24891
-0.516173
-1.11653
2.3444
0.37512
1.72124
0.464862
0.748865
-0.875528
-0.392077
1.05928
0.915538
0.583942
0.868597
0.962664
1.73015
-0.0673976
1.55875
0.957149
2.34522
0.775376
0.217525
1.52052
2.20423
1.36587
0.0127159
-0.923426
-1.88004
-0.281936
1.66176
1.69969
-0.982091
0.31
-2.12254
-1.08102
1.98115
2.84971
0.73415
0.367401
1.17888
0.419149
0.61414
1.00988
0.870659
-0.100615
-1.02288
-1.23498
0.695508
0.3133
0.184171
0.147354
1.26484
0.768348
0.3063
-2.62118
-2.74015
-0.299493
0.686464
-0.0647079
0.474528
-0.213301
-1.53645
-0.51705
-1.38493
-2.03222
0.242978
-0.601083
1.6793
-2.26672
-1.66562
-0.571335
0.937999
-0.147624
-0.629402
-0.698498
-1.31821
-2.1938
-0.413072
-1.66738
-1.46583
-2.5313
-2.38331
0.836081
0.314305
0.927099
-1.82392
-1.76891
-0.566926
0.438497
-0.176173
-0.0705722
-0.477539
-0.618273
-2.3292
1.20421
0.846849
-0.899776
-0.659676
-0.945709
-2.81056
0.0606688
-0.242435
-0.531288
-0.4652
-0.0131858
-0.259694
-1.43077
-1.60732
-1.2311
-0.638726
-1.23263
-0.500651
1.24758
1.07192
0.818696
2.02551
1.85213
2.79598
-0.892642
2.19816
2.2368
1.94396
1.33759
1.88083
-1.39639
-0.474825
-0.43565
1.40743
-2.29544
-0.243793
-1.70635
-0.889349
-1.4439
-0.523514
-0.841117
-3.12494
-1.83124
-0.911497
-0.747326
-4.09093
-1.17764
-0.0302811
0.882738
1.48541
0.747099
0.311642
-0.916575
0.632414
-0.897297
1.21832
-0.665952
0.728077
0.26709
1.01755
-0.64039
1.56034
0.61278
0.453724
0.822116
-0.248667
-0.79035
-0.529896
0.41929
-0.128388
0.0439012
3.30064
0.846195
-0.415045
1.0463
-3.14663
-0.213162
0.804584
0.83008
0.259736
0.628355
-1.90788
-0.963239
0.292038
-0.188414
-0.0741219
1.811
-0.372439
-1.55982
1.03065
2.10181
1.04054
-0.227805
-1.00895
0.905419
-0.056045
-0.209495
-0.993551
-1.3081
-0.675247
1.49959
0.30627
1.45263
0.621934
0.703638
0.0127786
-0.415332
0.120775
-0.527907
1.35483
-0.438806
0.0784043
