-0.489907
-0.655412
-0.160647
-0.361451
-0.984502
-0.247307
-0.694229
1.08768
2.95136
2.04066
1.93311
2.79546
-0.52431
0.985246
-0.176751
1.71868
2.07841
1.34241
0.662155
-0.832923
0.00195415
-0.748001
-0.502569
0.867685
1.96524
0.400874
0.71257
2.29468
1.86696
1.61811
1.40493
0.961465
2.4162
-0.519064
-0.609825
0.319847
0.831156
1.91082
0.541086
1.51124
1.30122
0.86878
0.895205
0.792144
0.332574
1.73565
1.99225
-0.197797
0.031027
1.05069
2.17242
0.985151
2.10028
2.51944
1.55444
0.649232
1.57681
1.56336
-0.484444
-0.675578
-0.198514
0.0563762
1.40914
-0.0663559
0.539238
-1.70662
-0.129361
0.878165
-0.131371
0.613492
0.563401
0.032507
0.719019
0.232215
0.438441
-1.56484
-0.932052
1.23693
1.00144
1.30343
-0.0580636
-0.230841
0.142264
0.951557
0.069912
-0.409384
0.0706303
-1.12342
-1.28337
-1.87704
-0.342229
-2.31865
-1.79282
-1.61296
0.338133
0.782228
1.57711
0.336263
0.399855
1.0258
2.07054
1.05268
0.562429
1.07197
2.15354
-0.133443
-1.0769
0.591374
0.400114
-1.0877
0.0751037
-2.55464
0.16711
-0.484789
0.93576
3.18626
1.3868
-0.5489
1.11997
-1.77166
0.374318
-1.87751
-1.16504
0.310411
0.735745
1.09695
-1.12236
0.200132
-0.710159
-1.10981
-2.16601
-2.43788
-1.21519
-1.47552
-1.69002
-0.711155
-0.507981
-0.98928
1.50213
1.22628
0.849332
0.813116
0.797473
0.47008
0.533071
1.79516
2.47385
1.34251
0.255573
1.49936
0.218926
0.849871
1.22302
0.249165
0.48821
-0.40622
-0.124465
0.304612
0.415743
0.360525
-0.205347
0.603293
0.649248
-0.810659
-0.282296
-1.72174
-0.495807
1.81962
0.537972
-0.852046
-1.01092
-1.72419
0.460722
0.421206
1.29182
-2.10634
-0.986963
-1.00855
-1.29815
-0.622863
-0.580649
1.24275
0.0462108
-0.476692
-1.02256
-0.566845
0.13141
0.63955
2.42423
0.329516
1.1341
0.727024
-0.445979
0.519221
-0.774269
0.226818
1.37143
-0.871489
0.518217
-0.625121
-0.099294
-0.190893
1.5098
1.45138
0.831045
0.447662
1.11957
2.76311
1.03264
1.23994
1.54745
1.4119
2.39227
0.421924
1.05101
0.129549
0.2351
1.79302
0.60583
1.33729
0.505565
1.09027
0.508995
0.255135
1.98652
1.22484
1.79167
1.14144
1.71612
-0.287974
0.782738
1.09882
1.77148
1.24138
1.38557
0.808832
1.23592
1.28363
0.26208
-0.0591806
0.598445
0.0345133
-0.0236682
-1.01309
0.0117166
-1.47153
0.894542
1.00412
-0.233044
0.310304
0.767512
0.630084
0.104262
2.03426
0.236367
-0.679458
-1.99946
1.3081
1.55637
1.33175
0.673329
-0.396938
-1.11666
1.053
-0.262689
0.398968
-0.47243
-0.860698
-1.35391
0.0964018
-0.25892
-0.770759
-0.66852
-0.671632
0.437341
1.2097
0.114773
0.173404
0.521022
0.0276434
2.28805
1.91421
0.558045
2.52243
2.28565
1.07808
-0.484272
1.15464
0.241896
-0.474842
-1.17057
-1.15896
1.47093
0.941139
1.42062
1.60611
0.201572
-0.108838
0.926619
-1.36352
1.65477
-0.701208
-0.266551
0.566887
0.15473
1.77904
-0.422786
0.475962
-0.0306442
-0.390887
-1.4272
-1.58076
-0.540052
-1.91436
-0.688367
-0.130737
-0.0259033
0.522699
2.59859
0.577866
0.010543
-0.398849
-0.0389917
-0.55002
0.782073
1.55464
1.09043
1.16801
-0.229149
0.799162
0.670657
0.350071
0.914411
1.31764
1.2107
0.0654793
1.55911
0.848226
-0.521309
1.57553
0.54566
1.64586
0.646428
0.219029
-0.237149
-1.23289
0.331766
1.26159
-0.0541321
-2.009
-0.919002
-1.80944
1.32556
1.95594
0.516558
-0.721612
-0.647801
-1.21582
-0.14449
0.669817
-0.327352
-0.238601
0.0787703
0.290636
0.0756282
-1.52187
-0.470046
1.12376
0.732942
-0.0273328
-0.888963
0.743324
-1.35762
-0.45721
-0.628117
-1.03476
-2.72565
-1.09543
-1.47011
-2.34243
0.0600799
1.10526
1.284
-1.65164
-0.364134
-0.11069
-1.6356
-1.39348
-0.31465
-0.565762
-1.58715
-0.0043066
0.360412
0.0734554
0.299143
2.36854
-0.16087
-0.518708
-0.113995
-1.95726
-0.703404
0.117768
0.136927
-0.406155
0.122406
-0.57291
-0.335644
-1.41041
0.0692388
-0.213248
-0.631803
0.697536
0.823499
0.229117
-0.165492
1.0151
1.14301
-0.103618
1.8098
0.921563
-1.10919
-1.5477
0.814027
-0.785996
-1.00318
-0.295662
0.27061
0.0101203
-0.750363
-0.480651
-0.473128
1.5696
-0.187728
0.710006
0.627165
0.858001
0.0245253
-0.423959
2.20953
-0.243768
0.462171
-1.44113
0.400885
-0.47273
0.782672
-1.11544
-0.199628
-1.73341
-0.337441
-0.362175
0.851048
-0.58993
0.0435746
0.584752
-0.573758
0.176832
0.304433
-1.07515
2.05237
0.207746
-1.3087
-0.42375
-0.76247
1.51845
-0.0918266
0.909529
-1.25869
-0.0301436
-0.653337
-1.31829
-0.0927528
0.206144
-0.227089
0.528361
0.687922
0.919057
0.669685
0.444419
1.02776
1.20189
-0.607861
0.00604304
0.33714
-1.06201
-0.273062
-0.92618
-0.186382
-0.434285
0.576555
0.939346
1.67534
-0.54149
-0.956384
0.420388
-0.590267
-0.938103
-0.574068
-0.41836
-0.854185
1.98692
-0.382659
0.780101
0.0331421
0.220095
0.491953
-0.316453
0.788351
0.552581
0.968641
0.323863
-0.709688
0.20717
-0.00503247
0.0108938
0.140831
1.56833
1.1608
0.85725
0.421671
1.37914
-0.66408
-0.112547
-0.426003
-0.0150872
-0.610476
-0.414747
-0.302425
-0.7435
-1.19094
0.926509
0.287395
1.41102
1.02082
-0.969897
-0.815202
0.855533
0.719737
0.738683
-0.325263
-0.699206
0.783739
0.877982
-0.454267
-0.354825
-0.916734
0.0997801
0.854924
0.458012
-0.190637
-1.04484
0.0982767
-0.450357
-1.52023
0.582704
0.251674
0.892215
0.666449
-1.45065
-0.840047
-1.04706
0.204307
0.461178
-0.118995
-1.70504
-0.251277
-0.125525
0.191266
0.7336
-1.87046
-1.75943
-0.323153
0.748688
0.00796454
-1.10316
0.148452
-1.32468
-0.678653
1.01105
0.567537
2.02274
0.251582
-0.643942
-1.38952
-1.29761
-1.26247
-1.93237
-0.972191
-1.4686
-1.59575
-0.647136
-0.32927
-0.942909
-0.0978484
-1.27671
1.14138
0.384418
-0.107552
-0.712547
-0.363423
-0.719204
1.04018
0.0344616
0.85548
0.81119
0.072586
-1.44101
1.17716
0.749726
-0.53413
0.713553
0.0529227
-0.892061
-0.915191
-1.03671
-1.40089
-0.145442
-1.01131
0.338155
-0.195606
-1.7229
-0.917738
-0.896563
-0.68174
-0.769014
0.88075
-0.306976
0.650579
0.950681
0.625733
2.00471
0.101883
1.086
0.385186
0.465244
-0.0456717
1.14302
-1.47767
-0.514557
0.415269
0.0810145
-1.34903
-0.0881873
0.166905
0.529002
-0.471373
0.126942
-2.57477
-2.69397
-0.931003
-0.579879
-1.8494
-1.07873
-1.05951
-1.53459
0.737654
-0.117821
-0.287223
0.141835
-0.323226
0.660591
-0.854948
0.790033
-0.851035
-1.04563
0.814147
0.608583
0.052872
0.085387
-0.18158
-0.780584
-0.173126
0.190196
-0.337604
-1.3278
-0.355495
-1.0386
0.128147
-1.08635
-0.748392
-0.584136
0.524036
-1.23493
-0.417222
-0.892442
0.216209
0.382092
-0.297477
-0.554048
-0.580825
2.23206
1.89651
-0.469027
2.05367
-0.728921
0.500403
0.647538
0.773725
0.301178
-0.339778
1.27553
1.73864
-0.592855
-0.386164
-1.37312
-0.599883
-1.03399
-1.09657
-0.791128
-0.517993
0.144999
0.801573
0.93065
0.217158
0.0154282
-0.585349
0.846745
-0.282371
-0.0881031
