-1.50131
-0.230936
-1.17981
-2.09471
-1.48055
-1.32167
-0.0351015
-0.986906
1.1155
-0.191468
2.17782
-0.378251
-0.46852
0.681088
0.201988
-1.69694
0.119042
-0.264366
-1.02168
-1.71472
-1.68165
-1.72431
-2.91887
0.885634
2.11566
-1.10274
-0.0872208
1.55985
0.0780049
-1.90875
-1.11838
0.93362
-1.64258
-1.01047
-1.72978
-1.06528
1.01182
1.10989
-0.725207
1.41604
1.0365
0.160534
1.53578
1.59618
0.237529
0.142721
0.459283
-0.865855
-0.0616586
1.15574
0.255691
0.119124
0.451132
1.05356
0.212024
1.66888
0.0814003
-0.0252278
0.335047
2.00704
1.37296
0.91483
0.842429
2.01307
2.85055
0.669865
0.339617
-1.32581
-0.953722
-3.00654
-1.08366
0.543488
0.897894
-1.20824
-0.43149
0.0424376
0.280285
2.64458
-0.372584
1.44302
0.289466
1.37556
1.59051
1.31961
-0.147237
-0.323284
-1.34588
0.958101
0.394803
0.283034
1.15204
0.942115
1.11433
1.30269
1.07595
1.30296
-0.559672
-0.47953
1.63123
2.06919
1.07354
0.853427
2.86501
1.14813
1.19067
2.89171
2.4327
2.23007
2.42313
2.31284
2.18807
1.59865
1.38134
2.18789
1.82301
1.01829
1.55444
0.83831
0.879881
1.17829
0.441244
0.906618
-0.058463
2.18586
0.893565
0.596838
-0.871623
1.23133
-0.0702045
-1.35005
1.53665
-0.035405
-1.88662
-1.59729
-0.301136
0.827455
-0.720423
-0.745374
0.386483
-1.26709
-1.99161
-0.495491
-2.01425
2.3152
0.855085
-0.450835
2.75122
2.22357
1.85597
-1.46567
-1.08215
-0.846181
-0.31844
0.383392
0.216937
-1.04024
-0.576478
-1.23225
-0.674525
0.796708
-0.936859
0.34727
-0.189688
1.00313
1.58639
1.02396
2.79296
1.73876
-0.109119
0.740274
-0.0193703
-0.0298804
2.36543
1.92725
1.96548
0.00508772
-1.47948
2.66954
2.28719
-0.724376
-1.02598
2.69314
-0.689967
-1.86456
-0.918315
-0.91802
0.0926231
-1.09638
0.917388
-0.360444
-0.00246751
-0.204779
-0.798408
0.0155673
0.795139
-0.174735
0.802659
-0.676987
-0.114959
-1.07611
-1.62297
-1.02698
0.99501
1.13838
0.00661349
-2.02247
-0.593904
-0.50447
1.74078
-1.40411
-0.785872
0.570128
-1.89471
-0.574599
-0.957128
-0.449998
1.20712
1.2617
-0.267824
1.1847
1.05896
0.357134
-0.71362
-0.00735572
1.34949
1.54334
1.66706
-0.117437
-0.0960859
0.755693
-0.727079
-0.156602
0.113741
0.662045
0.856784
0.494296
0.687124
-1.16329
0.554407
0.959426
1.88782
-0.637849
-1.55702
1.35055
0.630973
-0.985671
-1.96477
-0.698418
-3.05798
-2.78621
-2.50679
0.158207
-1.65188
-1.72196
-2.30917
-1.1209
-0.946691
1.23087
-0.893854
0.642093
-0.974342
0.730181
1.36187
0.806387
-1.36652
0.203716
-2.50024
1.19725
1.57551
1.5419
1.34542
1.11192
1.48356
1.48855
1.08953
0.380824
-1.49001
-0.869774
1.63344
1.77448
0.860384
0.935451
3.13969
1.26664
2.27663
2.62286
2.64737
0.642717
2.74095
1.47857
1.99459
1.3361
0.578776
2.02081
2.52397
0.574659
1.22031
0.809149
0.171675
1.82889
0.931565
-0.0192466
0.719606
2.32384
0.35672
0.413067
-0.466482
0.807666
-0.238513
-1.3653
1.0286
1.02832
-1.31342
-0.859442
-0.137512
-0.0775854
-0.871386
1.09918
-0.249891
0.410722
-0.436843
-0.611241
-0.844629
0.805655
0.648908
0.0993718
1.48555
1.96889
-0.587222
-1.20894
-0.798599
-0.0672294
0.622714
0.96715
0.25405
0.0780556
0.917632
-0.10354
-0.672165
1.10107
-1.54507
-0.406932
0.154693
1.12507
2.56352
2.66509
2.39996
2.38907
-0.515184
0.479429
-1.50423
0.153209
2.52468
1.99728
1.37831
1.38788
-0.906911
1.32494
-0.199531
0.503506
0.312727
2.47454
1.33511
1.06595
2.21513
2.4958
1.33446
1.76014
3.58319
2.25276
1.91905
0.0160957
-0.345439
1.43073
0.287345
0.0968252
-0.645627
1.24126
-1.25322
-0.470201
1.76347
0.317052
1.63057
0.653199
1.48921
1.10905
0.973169
0.588556
-0.492368
0.147613
1.3384
2.03514
0.142568
2.04793
0.283642
0.957329
-0.0155169
0.85978
0.738764
-0.653553
-0.0825756
1.56829
1.28958
0.170701
0.718938
1.81998
0.803855
2.41888
2.01185
1.36328
2.02879
2.55505
2.76834
2.78079
1.46919
-0.0667956
1.66507
1.85983
1.11408
0.0414662
-1.17192
-0.262638
2.2851
0.41925
0.660157
2.42429
1.47867
1.31672
1.94432
1.88214
1.56468
1.5666
1.37335
-0.106809
1.32127
0.864493
2.60669
0.875407
0.0656123
0.349383
0.893106
-0.35754
-0.622828
1.96586
2.1613
1.02085
1.87938
0.223656
1.23921
1.07949
0.946393
0.40508
2.18368
1.17726
1.23006
0.650472
1.73313
1.31722
1.42262
2.74768
-0.674822
0.423577
0.77184
1.62409
0.974856
-0.29426
1.40771
1.49939
2.01306
1.28662
1.26855
1.05323
1.493
1.88796
0.965144
2.72652
1.48059
2.24917
1.80471
2.02546
0.709635
1.39004
2.06582
1.6292
0.196185
0.715519
1.37706
1.42804
2.49716
2.36333
2.21241
-0.219835
0.0170767
-1.29396
1.49113
0.863836
-0.839947
0.780679
-0.550059
-0.0515287
1.50393
1.79019
-0.368222
0.669506
2.34097
2.25161
2.36107
1.70081
1.20609
1.7627
2.59502
2.34361
2.34705
2.5611
2.78523
1.34192
1.4222
1.82705
-0.742568
2.51022
1.61498
1.9987
2.01009
0.447006
1.24734
2.52585
2.11676
0.487715
1.21342
0.761769
1.68897
1.26846
-0.240571
2.26278
0.642512
2.31121
-0.234423
0.0209959
0.295199
1.94455
2.05333
0.79423
2.27924
1.78128
1.47905
1.18189
2.47724
0.612179
1.46792
1.00311
0.331999
1.51993
-1.63521
-0.909882
0.416251
-0.546174
2.32784
2.24202
-0.79346
1.43038
1.43357
2.39617
1.72148
-0.610525
0.87948
0.708606
0.627193
1.48715
1.27877
0.74517
1.03524
-0.074356
2.00227
-0.822368
1.18779
-0.63117
1.43267
1.37578
1.41114
1.60073
2.09781
1.39604
0.641943
-0.329251
0.257022
-1.622
2.02709
1.42404
0.226587
2.12287
1.53042
-0.0679702
0.697201
0.401758
2.1112
2.04717
2.30192
1.64075
2.5251
2.03271
1.72489
3.11155
1.69854
0.948001
1.47821
1.95849
2.52622
1.62329
1.96959
1.36369
2.02501
0.270059
1.42177
1.40261
1.5525
0.942363
1.16063
1.21964
0.61099
1.16766
1.51789
-0.612514
1.61461
0.807808
1.69891
0.344181
1.81049
1.35486
0.622173
-0.747197
0.95396
1.88241
0.331328
1.58421
-0.946712
0.893345
2.22705
2.28383
3.46674
1.36103
0.537539
2.13487
-0.238091
2.6455
0.873899
3.4301
0.121677
0.590084
1.34186
2.72522
-1.19447
0.696407
1.09496
3.07232
0.483756
2.31721
0.569442
0.810314
1.73526
2.62691
0.860877
0.849646
1.27469
-0.25789
-2.14823
0.851327
-1.28032
0.984781
2.55235
2.35749
1.97254
0.579377
0.814037
1.11337
2.09063
1.93147
1.85037
0.889085
-0.0376093
1.71787
1.10177
2.42727
2.20146
1.84185
0.799105
0.869618
1.23112
0.223354
2.08467
1.04283
0.701427
1.52922
0.0285894
1.64883
1.36547
-0.171085
1.78064
0.283974
1.58033
1.63269
1.1244
1.31847
1.97265
2.46168
2.52258
2.70843
1.09721
2.24349
0.913822
1.02168
-0.0521262
1.61287
1.5257
1.49222
1.18526
0.781385
2.29023
1.24781
