-0.176789
0.0958322
0.744106
0.623796
0.891157
-0.324664
0.00188927
-1.97707
-2.42108
-1.18077
-1.35756
-1.46662
-0.0736304
-0.0368751
-0.0399564
-0.525587
-1.30858
-1.4369
-0.982802
-0.10126
0.337684
0.679913
0.0758022
0.296183
-1.08459
0.0421393
-0.441849
-1.46796
-0.343118
0.764811
-0.703808
0.577322
0.0176375
0.871352
1.36039
-3.10567
-2.10689
-1.26204
-1.70369
-2.29605
-1.61616
-1.29036
-1.34684
-1.0242
-0.85415
-1.82546
-2.29434
-0.959337
-1.34892
-1.84529
-2.66484
-1.62465
-2.26116
-2.31689
-1.67916
-0.534693
-1.4301
-1.68408
-0.533736
0.040749
1.69034
1.04686
-0.386835
1.47081
1.43984
0.307544
1.26095
0.316203
0.581818
-0.620228
-0.287688
0.994225
0.332108
0.762024
0.916869
2.06853
0.909038
-0.282243
1.59466
-0.263026
-0.0723008
0.487546
-0.854706
-0.517953
0.621388
-0.203738
0.0409586
1.32559
1.37266
1.50174
-0.967756
1.18701
1.26941
1.66848
-1.28428
-0.741816
-0.183342
-0.280305
-0.37705
-2.36824
-2.31533
-1.07775
0.627752
0.0615216
-1.94987
-0.423251
1.32394
-0.64321
0.341943
1.68625
0.525327
2.70037
-0.666615
-0.77388
-1.5834
-2.43843
-1.15479
-0.845933
-0.315609
1.3237
-0.343953
1.07475
1.5558
0.296685
0.576091
-1.56441
1.11287
0.215684
1.99194
2.12388
2.60435
1.69374
0.793735
0.830088
1.2562
-0.362849
-0.217887
-0.0468646
0.232923
0.452795
0.117088
-0.229776
-0.151982
-0.583107
-0.415584
-1.82674
-2.2831
-2.32231
-0.132667
1.62099
1.62005
-1.29751
-1.26879
-0.24513
-0.968509
-0.425713
-0.388277
-0.339188
-0.663448
-0.978704
1.78334
-0.341471
-1.43517
0.655695
1.3309
1.70811
1.02083
-1.32253
-0.878354
1.49909
2.18966
0.351824
1.2103
0.637466
-1.59242
2.44726
0.761254
1.42619
0.661835
0.690874
-0.102676
-0.853083
1.68296
0.688519
0.49881
-0.209897
-0.26709
-2.44619
-2.45703
-0.299423
-1.84628
-0.837841
-0.250943
0.0785373
0.0473313
-0.78939
-1.19138
-0.343249
-0.78272
0.0136667
-0.26558
0.436306
-1.39258
-0.79212
-0.395001
-0.38618
-0.558965
-1.70149
-0.719784
0.277309
-1.22216
-0.0034618
-0.211372
0.339066
0.38641
-2.59152
-1.65845
-1.26348
-2.13017
-2.13262
-1.83525
-2.79204
-1.3659
-0.883117
-2.26678
-2.39494
-2.72503
-1.98113
-2.52471
-1.33145
-2.54855
-1.86612
-1.75919
-2.2345
-2.4526
-2.37213
-1.70135
-0.828546
-0.103407
-0.151871
0.815596
-0.786161
-0.47941
2.43071
1.26655
-0.253091
-0.400403
-0.82767
0.28041
-1.06715
-0.978416
0.154855
-0.0308498
-1.65497
-0.535138
0.94754
1.25421
-1.1406
-0.672142
-0.851096
0.816696
0.0101699
0.0157833
-1.24059
0.666577
-0.195606
0.188788
0.726946
1.4211
1.59581
0.441952
1.41714
0.258899
0.939026
-0.255146
-0.7
-0.275981
-0.47262
-0.49722
-1.29284
-3.13142
-2.07624
-0.201116
-1.56287
-2.56684
-0.462654
0.9732
-0.741699
0.108369
0.451474
1.54474
1.58595
-1.15282
-0.945404
-2.05132
-1.4069
-1.03222
-0.0455636
0.196987
1.3675
-1.28417
-0.177612
0.577315
0.326741
-0.0630422
-0.845716
0.198817
0.382634
1.17964
1.48652
1.75268
1.94647
1.13237
2.87348
1.19295
-1.77714
0.455759
-2.06342
-0.440379
1.14405
-0.16743
-0.7025
-0.0690349
-0.211441
-0.0758107
-1.26338
-1.652
-2.21232
0.526336
0.64363
-0.217641
-0.498668
-0.975403
-0.897073
-0.936449
0.668374
-0.475494
-1.3079
-0.0249139
-1.11022
0.779747
-0.837011
-0.616242
-0.239818
1.9319
0.297892
-0.125879
-1.33594
-0.808461
1.85463
1.3441
0.709367
-0.0977781
-0.269069
-0.135775
1.93002
0.98999
1.86378
-0.194014
-0.621479
-0.667762
-0.573362
0.296765
0.438676
0.104317
-0.141871
1.08198
-1.284
-0.197059
-0.448935
-0.156013
-0.00453914
2.54445
1.30193
-0.614177
0.119995
2.22258
-0.758022
-0.023947
1.24368
-1.42305
-1.07092
0.469233
0.333944
0.406746
1.08293
0.889967
2.34947
1.93219
1.76773
0.292069
1.29482
0.795622
1.33586
-0.206977
-2.16719
0.540414
0.401091
0.911709
1.79216
-0.127093
-0.61642
-0.779348
0.900126
0.424055
1.89393
-0.694851
1.05095
-0.385849
0.49644
0.951441
-1.36102
0.2826
-0.0322341
0.552818
-0.898622
-0.714965
-0.0355749
-2.36961
0.277158
0.719594
0.266866
-1.58144
0.80548
-0.0519342
0.241439
0.00685304
-1.37405
0.463608
0.0375079
-2.75295
-1.80756
0.33651
-0.406078
-2.46477
-0.105812
-2.78163
0.290405
-0.673955
-1.10692
0.38135
-0.101136
0.249435
-0.383773
-0.827987
1.80716
0.0376306
0.91525
-1.17963
-0.521784
-1.04216
-0.353743
0.595515
-0.483958
-0.638367
0.320283
-0.269742
-1.06907
-0.783897
0.296157
1.77365
0.751316
-1.22117
-0.605499
0.100368
0.122824
-0.324636
0.014792
0.702444
0.372649
-0.319092
0.407274
-0.183394
-0.832674
-0.538795
0.350933
-1.8969
-0.276719
-1.72506
-1.58517
0.103378
0.573089
-0.500211
1.30345
-0.690392
0.772002
-0.967838
2.3067
1.82658
2.28994
1.09548
-0.992072
-2.08409
-1.91083
-0.154817
-0.527124
-0.811374
-2.42071
-0.68069
-1.79253
-0.0537195
0.409957
0.859387
-0.831592
-0.0115609
0.388801
-0.56787
-1.39387
-1.07745
0.790018
0.457594
0.066179
0.438475
0.567833
0.991605
-1.99141
-0.811747
-1.28446
-0.680924
-0.524867
0.746245
0.544214
-0.178613
-0.757355
0.0681838
-0.290144
-0.406343
-1.55972
-0.381881
-1.49207
-0.902322
-2.18133
-0.888661
-0.409551
-1.50551
-2.05972
-1.13325
-0.318551
-0.20268
1.631
0.350718
-1.44681
-1.13413
1.55694
0.410386
2.07848
1.37738
-1.35057
-2.95469
-0.395245
-0.441537
-0.829407
0.227843
-0.490208
-0.831954
-0.822656
0.0775605
1.46168
1.0804
-0.0950011
0.111159
0.0761213
-0.0507939
-0.4452
-0.9979
-0.143841
2.24632
2.24774
0.310819
-1.0335
-0.158015
-0.568221
-0.351886
1.54576
0.0179491
0.871504
1.81861
-0.861774
0.721247
-1.69589
1.85416
1.22574
0.795011
-0.910099
-0.0942952
0.992215
0.815905
1.28534
2.36297
-0.147217
1.4373
0.787702
2.77509
2.2881
-0.928171
-0.399199
-0.753011
1.41466
1.55078
1.08033
-0.954289
0.144669
0.173991
-0.132906
0.40376
1.94323
-0.797681
-0.144767
0.599257
-0.0240633
0.880959
2.81825
-0.509022
0.544191
0.545413
0.297501
0.0586258
0.300325
1.01599
1.58001
0.708224
1.00625
1.09443
0.0953767
-0.583115
-0.876638
0.168591
-1.7185
-1.00047
-2.24379
1.27365
-1.88684
-1.32368
-1.03802
-0.391728
-1.55498
1.56573
0.524615
0.465713
-0.694101
2.21837
0.390644
1.47623
0.809991
1.2376
0.467745
0.311129
2.72339
1.4276
1.21599
0.134572
3.54141
0.934679
0.452221
-0.776718
-0.61874
0.0200982
0.54553
1.01198
-0.622443
1.42625
-1.37311
1.09729
-0.00377795
-0.128803
-0.85504
1.31061
-1.19273
-0.373499
-0.0657066
-0.379527
-0.0710549
0.618233
0.683516
0.0492003
0.319788
-0.247481
-3.1099
-0.638679
0.692856
-0.851992
2.57907
0.23425
-0.0748211
-0.457959
-0.49381
0.00907007
1.33018
0.922617
-0.42151
0.464294
-0.0381587
-1.30709
0.636189
1.84319
-0.600112
-1.0776
-1.44691
0.341426
0.670033
-1.08608
0.0673914
0.194499
1.47302
1.53151
0.814574
-0.722998
-0.550803
-0.574813
-0.123543
0.0896669
-0.428819
1.10084
0.357431
0.920762
-0.834992
0.660979
0.311052
