1.04941
-1.13766
-0.254639
0.589764
-0.490727
-0.109931
-0.268019
0.166476
-0.735843
1.00336
1.02649
1.23017
1.72608
0.996734
0.861324
-0.810873
-0.908823
-2.43697
-0.109547
-0.812882
-2.10587
-2.49056
-2.67858
-0.0594849
-0.601872
2.8788
-0.365126
-1.19898
-0.0799938
-1.20541
0.830615
0.512476
-1.90585
0.261965
0.138093
0.294242
-0.484896
0.459747
-0.523601
-1.01664
-0.67254
-0.171178
-0.573958
-0.169457
1.02745
-1.18538
-0.40832
0.858761
1.25959
-0.359033
0.473445
1.00099
-0.379179
-0.163263
0.359115
0.828853
-0.734799
-0.510991
0.161518
-0.586907
0.303625
-1.12377
-0.122035
-0.937624
-0.820001
0.579028
1.28199
-0.0314392
0.644134
1.58707
0.449631
-1.21092
2.06039
1.99415
0.665233
0.662642
-0.421403
0.0853693
1.05063
0.991427
0.735824
1.07896
0.15863
-1.33468
-0.122061
1.35566
0.878441
-0.999409
0.708347
0.0581603
-1.7252
-1.28412
-0.85023
-1.21564
0.00679128
1.68858
2.07287
1.27896
-0.736948
0.367916
0.554713
-0.0841815
0.438523
0.288389
-0.193118
0.597128
-0.35225
0.556352
0.856947
-1.45895
1.92094
0.828913
0.369281
1.16448
0.162023
0.378272
1.49032
-1.29987
-0.961881
-1.5555
1.99959
-1.13992
-0.421541
-0.0230272
0.203172
-0.429767
-1.37044
0.244022
1.11006
-2.1752
-2.1475
-1.58151
-1.92568
-2.11609
-2.50231
-1.16958
-1.42925
-1.79577
-0.701407
-1.83043
-0.967923
0.262766
-1.2897
0.897425
0.214777
0.131376
-0.269981
1.56835
0.104957
-0.46029
-0.490393
-0.523691
0.856711
-0.102278
0.0289105
-2.08245
-0.99794
-0.140175
-1.96316
1.58372
-1.50005
0.256793
-1.25885
-1.06141
-1.70792
-1.36808
-0.377351
0.500051
-0.015997
0.566194
-0.0890553
-1.80192
-0.264869
-0.586693
-0.321925
-1.09419
-1.41837
-2.05607
0.582463
0.267996
0.948596
-0.334955
-1.18651
-0.00010105
0.184624
0.397823
-0.0643703
0.809394
0.304422
2.5363
1.51542
0.820306
1.13149
-0.883008
0.665313
0.760115
-0.838183
-2.26212
0.308953
-1.79691
-2.68147
-2.10771
-1.31628
0.344865
-0.508333
2.09547
-0.579675
-1.6224
-0.403799
-0.957994
-0.000413914
0.745587
-1.03671
0.135008
-0.0631419
0.115282
-0.427416
0.103186
-0.124921
-1.47448
-1.21579
1.26316
0.176545
0.0223106
-0.750755
0.865196
0.8194
0.910998
0.953387
0.0670171
1.20826
1.55945
0.952127
0.235225
0.599267
0.969336
-0.229285
0.501508
0.854638
-0.314144
0.229613
-0.29104
1.03756
0.0321971
-1.00008
-0.217868
2.00597
0.886141
0.34226
2.64656
1.31388
-1.283
2.27146
2.04973
0.567069
-1.58173
-0.200465
-0.058517
2.22515
0.43205
2.53605
0.723369
0.563088
0.54333
0.505209
2.02627
2.35257
-0.0877643
-0.11265
-0.327543
-2.13724
-1.72358
-0.534002
-0.470328
1.19543
1.47464
2.79418
1.08139
-0.20759
1.63537
0.63787
0.160643
-0.945754
1.03584
0.556061
0.365658
-1.8361
0.851152
0.123483
-1.03611
0.532728
0.865143
-0.163987
-0.106856
0.148856
1.02766
1.70937
-1.40336
-2.70114
-1.55337
0.613213
-2.76086
-1.97226
-0.346794
-0.12945
-1.18169
-1.19337
-0.0231516
0.981046
-1.50769
-1.73018
-1.22117
-1.39895
-1.79676
-2.48747
-1.63632
-0.996621
0.0281712
-0.24594
-0.805679
-0.60017
0.0189977
-0.0969269
1.0094
0.0196166
-0.192996
0.44534
0.486297
0.292883
0.565011
0.235434
0.236177
1.41642
-0.293956
-1.0473
-1.39632
-1.37608
-0.877313
-0.563167
-0.0200695
-1.35523
-0.201037
-0.925183
-1.5385
-1.04363
-0.577848
-0.750546
1.4204
0.210365
-0.696433
1.19896
-1.96169
-1.02859
-0.306354
-1.176
-0.374221
-1.28726
-1.62723
-0.734803
0.758587
-1.2922
-0.586869
-0.954624
0.0806544
-0.205954
2.51497
-0.359151
0.596889
2.02172
1.17831
1.52722
-0.515606
-0.952138
-0.121908
-0.10087
-1.59501
0.13185
1.3173
-0.870219
0.45531
1.0501
0.0417735
1.49387
-1.26621
-0.902906
0.182904
0.104583
-0.78137
-0.776897
-1.35305
-0.0347761
2.4434
-0.309657
1.21897
-1.24044
0.444075
-0.575259
1.28583
-0.332818
-1.10443
0.406469
1.14526
0.970713
-1.24346
-0.234352
0.550362
1.43169
1.54929
1.94149
0.949064
0.389122
0.959765
0.784444
0.640835
1.9027
0.693426
0.9488
0.455427
-0.0318732
0.897142
2.9915
0.463714
1.54005
-0.252441
0.176711
0.582299
0.674303
-0.566156
0.95381
1.87006
-0.757769
0.363777
-0.438201
2.14097
0.0470141
-0.452827
1.08987
-0.176667
-0.256518
0.942767
0.76847
1.87599
-0.35008
-0.135524
-0.747925
-0.218837
0.425648
-0.405014
0.000947318
0.143655
1.58805
3.50653
0.372148
-0.718068
-0.330843
0.283952
0.259951
-0.544413
0.403437
-0.398906
-0.182008
0.326656
0.361163
0.454795
-0.19647
-1.67543
0.289314
-0.353919
0.938014
-0.981901
-1.08991
-0.614766
-0.304224
0.788117
1.35308
1.04126
0.370414
0.0333373
0.676818
0.939572
0.0590505
0.248463
0.0341126
1.01557
0.866973
1.77059
-0.258694
0.941965
1.21512
0.506695
0.23116
-0.606219
-0.76212
0.842381
-0.599239
-1.17683
-0.40456
-0.307473
-0.402584
0.421839
-0.149845
-0.251308
-0.622417
0.731289
0.910612
0.154586
0.951536
0.484508
2.35245
2.39999
0.209959
1.83849
2.17877
0.413227
0.921578
0.909365
-0.931684
0.808997
-0.12527
-0.0321642
-0.296484
-0.0824125
2.09353
1.21317
0.111736
0.564329
1.29351
-1.18325
-0.122222
-1.74906
-0.333428
-0.488649
-0.589163
-1.08131
-1.29502
0.620388
0.247798
-2.06553
-1.36629
0.434147
0.920954
0.664734
2.00209
-0.81942
-0.25536
1.75756
1.64114
-0.770948
0.309211
-0.896242
-0.179304
0.224877
0.341742
-0.295261
-0.16217
-0.574637
0.426992
0.386092
-0.481594
1.79944
0.517122
1.87059
0.648883
0.454916
0.371668
0.335034
1.02563
0.73112
0.237905
-1.34269
0.566473
-0.165572
-0.391133
-0.659412
-0.336855
0.370945
-0.630945
-0.249101
-0.228406
0.334348
-0.339891
-0.0131376
-0.15907
-1.71482
0.353105
-0.512155
0.557146
1.19519
0.446375
1.43459
-0.458738
-1.03513
-1.21944
-0.00471585
-0.725537
0.750481
0.985952
-1.73195
0.705683
1.18655
1.23797
0.365126
0.906142
-0.308933
0.544148
0.783813
1.62798
2.23374
-0.0299077
0.844328
0.531522
0.272218
-0.147103
1.2145
0.359798
-1.20959
0.428763
0.391315
-1.15813
0.147743
-1.42034
0.410421
-0.496676
-0.213385
1.2091
0.808144
1.79314
1.79261
1.06511
1.12795
0.509155
0.677286
1.89808
1.05042
1.46804
0.697671
1.4791
0.253255
0.355306
0.35094
0.170669
1.23778
0.684512
-0.501305
-0.5708
0.229837
-0.36768
1.35717
0.729657
0.252106
-1.6124
-0.440803
0.393733
1.45004
0.0134047
0.786197
1.07955
0.48366
-1.77916
-0.117109
-1.78075
-0.171452
1.5333
0.82313
-0.097536
0.976902
-0.360709
-0.675673
-1.16511
-0.578053
0.535315
0.240227
0.13762
0.547001
0.89138
0.507249
1.13205
-0.258922
-2.14685
0.106491
0.311242
-0.56061
-0.378896
0.835218
-0.757742
-0.66134
0.626001
-1.49581
0.389394
-0.0390496
0.013231
1.02913
1.99602
0.919639
1.61949
1.08606
1.38985
-0.509184
-0.263258
-1.00084
0.197455
0.313975
0.248323
2.90275
0.891761
0.771909
0.393849
1.82729
0.952355
0.591128
2.47964
1.57764
2.73721
1.4149
1.59648
1.70385
1.90917
1.59567
