-1.4218
0.127451
-0.83937
-2.50695
-1.3552
-0.827671
-2.09842
0.549332
1.41643
0.692912
0.878412
0.430873
-0.4524
-0.848076
-1.01299
0.419517
0.510756
2.0855
-0.241453
1.11142
0.0119004
0.361141
-0.713857
-1.77728
3.62909
0.941459
-1.21937
-0.831254
-1.24439
-0.523343
-0.757094
-1.71638
-0.216515
-1.43856
-1.49356
-0.418874
0.734427
-1.0138
1.12415
1.31466
0.88671
0.462832
1.45804
0.0636844
0.8498
0.877654
1.1139
-0.229594
0.898605
-0.052196
1.03252
0.456207
-0.22539
0.823311
0.784832
0.476713
0.18235
-0.94407
-0.0314481
1.0637
0.665457
-0.43255
0.153116
0.660263
2.87921
0.814288
-0.178563
0.32855
0.333098
1.17839
0.672766
-1.44613
0.172599
0.562345
2.50677
0.0852787
-0.463976
0.521069
0.593177
0.882876
0.977396
-0.160172
-0.386984
0.114728
-1.57117
0.120338
0.0848433
1.82541
0.112522
-0.426705
2.09295
2.41233
2.51055
1.09206
-0.00711554
-0.142867
-0.229108
0.331177
1.55778
0.875535
0.446938
0.812199
-0.420877
-0.0584024
1.5213
0.66526
-0.784953
1.68217
0.756339
0.122343
1.00567
-0.990887
1.65783
0.951927
1.38072
0.498337
1.11797
1.63787
0.0226347
1.12911
-1.07262
0.000281955
-0.794709
-0.93301
-1.87649
0.349425
-1.57289
1.3412
-0.86138
-1.15636
1.10597
2.83261
-1.14058
0.458706
-1.182
1.6713
-0.192713
0.938017
-1.45802
-0.433369
1.39401
-0.534092
0.960898
-0.0464321
-0.306088
1.26839
1.4209
1.54305
-0.362754
-0.0129468
-0.639048
0.558261
-2.34595
-0.725535
-1.06199
0.512594
2.43603
-1.22748
1.05909
-1.01395
-1.17998
-2.7299
0.0409953
1.75782
1.75137
3.0001
0.0266569
0.123707
3.52763
-0.373327
-0.35999
0.72338
-0.795618
-1.98638
-0.671406
0.157523
-0.383893
0.00560586
0.594524
0.348629
-1.40047
0.431622
-1.66018
-2.3226
-2.48695
-0.584111
0.0640946
0.608882
0.922738
0.000460858
-1.81178
-1.21483
-1.23187
-1.06198
-1.1999
0.401847
0.183437
0.669198
-0.407076
0.303101
0.389912
0.0607496
-0.301629
-2.22124
-1.19534
-0.34809
-0.872324
-0.287026
-2.21795
-0.5852
-1.13752
-2.27503
-1.42631
-0.252903
-1.3721
0.608249
1.39565
-0.659668
0.893876
1.38432
1.35135
0.579937
0.859952
-0.138959
-0.340102
-0.770719
1.81011
0.150292
0.905112
-0.206504
0.565677
1.13556
-0.455954
1.39137
0.988614
0.536728
-1.18315
-1.24321
-1.13666
0.796139
1.78797
0.590977
0.305332
1.29814
1.72675
0.554604
-2.08508
-0.771241
1.41825
0.5219
0.630507
-1.47837
-1.83153
-0.251951
0.261963
-0.211859
-1.24885
-0.830982
-0.881464
-1.83195
-0.264687
-0.365574
0.00639881
-0.286377
-2.17835
-0.936833
-0.494454
2.21785
-0.876236
1.45344
1.16755
1.8034
2.16742
0.139221
-1.56238
0.0232146
-0.678775
-0.891784
-0.269977
-0.159872
2.15607
0.907535
-0.657873
-0.486071
1.0379
0.126685
-0.646553
2.43679
-0.211425
-0.416452
0.759675
-0.727811
1.43316
0.8244
2.6941
-0.35818
0.574129
2.47988
-0.290192
0.609204
-0.730375
0.58217
0.636284
-0.454059
-1.54168
0.0127948
0.309421
-0.956098
-0.818048
-1.25316
0.852101
0.148831
-1.89842
-0.952009
0.416959
-0.625803
-0.409483
0.56414
-0.722679
-0.405557
-0.0330297
-1.35136
-0.463341
-1.94715
-1.02589
0.304726
1.30434
-1.04024
-2.89303
-1.68842
-1.17828
0.962257
-0.965604
-0.57104
-1.41076
-0.17384
1.82372
0.387725
0.0788535
-0.677094
-0.593692
-2.33146
0.880293
2.17491
1.67357
1.81426
-0.484497
0.483228
2.08671
-2.77092
-2.32792
0.0639465
-1.28037
-1.17187
0.472876
0.241432
-1.24309
-0.519305
0.515495
-1.1847
2.40704
2.38507
3.26122
1.76396
0.357192
0.271245
1.73392
1.20641
1.33183
0.550942
0.96866
0.642355
0.121803
2.03606
0.532285
1.62761
-0.19118
1.574
0.591337
-0.854519
1.01545
1.47766
-0.647524
-0.972988
0.226298
-0.193495
-0.334801
-1.12188
-0.590873
-0.597941
1.60424
0.726831
1.63696
0.704951
0.489896
-0.773885
-0.871607
-0.79541
2.00623
-0.71049
-0.469472
0.351593
1.14708
-0.329362
0.617534
0.790194
0.506827
0.17053
0.817922
1.44117
-0.258175
0.141964
2.67528
0.949896
0.446112
0.311266
0.872161
0.691604
-0.266633
-0.8072
1.65012
0.53027
0.784009
0.762821
0.342654
0.588392
0.252295
0.736931
1.42313
1.10819
1.02708
1.93957
0.154368
1.26605
1.02272
0.571037
1.68664
0.567463
0.959422
0.594381
-0.203386
0.513315
1.585
2.30196
0.636337
-0.594578
0.447632
1.32245
1.89803
0.257489
0.521408
1.13944
-0.0782638
0.638936
1.19846
0.0707764
0.400909
1.25254
-0.2355
1.97658
0.348384
-0.404524
0.734786
-0.143284
1.19388
0.473544
-0.304356
2.6929
-0.81424
0.403426
1.8367
0.924927
0.0319086
1.52469
0.848517
0.974632
0.271851
0.133368
0.349194
0.491341
2.16205
1.21482
2.61844
1.11055
0.736512
0.697623
1.30092
1.16608
-0.362743
-0.922135
-0.206425
-0.319619
1.81028
0.89024
1.74967
0.326859
-0.560559
2.19318
0.386561
2.36222
2.16202
0.182911
0.75045
0.926899
0.0249917
-0.720375
1.32063
0.993719
1.69319
0.183422
0.0211283
1.21104
0.18165
0.510599
0.511024
0.77174
0.938219
0.620704
1.37235
0.372138
1.66016
1.90607
1.9464
1.26253
0.900077
1.29643
-0.244787
0.52083
1.39715
1.0784
0.804489
0.935308
0.217831
1.94714
0.441409
1.91584
0.628754
-0.509363
-1.38216
0.825144
0.532163
-0.539756
0.956104
1.53134
1.52563
-1.42993
-0.462976
0.951548
1.22916
0.992849
0.793907
0.831177
0.0650464
0.749623
1.43753
0.384554
0.0675192
0.688323
0.271735
1.42306
0.842514
-0.0255726
0.234923
0.682642
0.0999126
-0.0110193
-1.89527
-1.29921
-1.61077
0.437933
0.964892
-0.918868
-1.66381
0.687736
-0.562953
-0.656251
-0.195005
0.823592
0.18197
1.28754
-0.902518
-0.0703095
-1.89955
0.680036
0.483481
-0.111474
-0.919328
-0.445815
0.380814
-0.738153
-0.383644
-0.763055
-0.20483
-1.41834
1.84848
0.125969
0.869209
0.782298
-0.0254903
0.156015
-0.314635
-0.565564
0.279447
-1.09914
-0.619748
-0.0458421
0.224581
-0.767577
-0.33899
-1.7331
0.17402
-0.704319
-0.441937
0.119994
0.461646
0.113072
0.739778
-0.572163
-0.676829
0.755583
-0.191139
0.28423
0.748531
0.26968
1.17391
0.746295
1.40174
1.44219
1.29227
-0.570644
0.675999
0.600733
1.65016
1.12589
-0.173501
0.0826742
1.39241
1.82404
1.87156
1.02833
-0.719241
0.0017128
-1.96744
0.54501
0.843759
0.601459
-0.346495
-0.0531706
-0.761972
0.47458
-0.785278
-1.63705
-0.144531
0.536991
0.2003
1.20565
1.67115
0.534679
1.13548
1.13697
1.13431
-0.105786
0.0429658
0.191423
-0.497239
-1.81141
0.229775
1.23909
1.01248
1.16238
0.796179
-0.692489
0.0599448
1.2193
0.623396
0.206305
-0.440361
1.37483
0.412442
1.55
1.93994
-0.216145
-0.903602
1.06313
0.0742131
0.543567
1.00756
-1.34943
-0.384324
-0.142888
1.17714
-0.799488
0.828863
-0.411854
-0.0330803
0.73291
2.64819
0.571706
1.27293
0.232211
-0.017374
1.74238
2.38811
0.518178
0.454112
0.0803443
1.64986
-0.0566209
1.69153
-0.3082
0.812429
-0.981497
0.444038
-0.171269
0.243912
-0.191778
-0.45395
-0.361039
