0.306315
0.413985
-1.59681
0.595147
-0.221911
0.545998
0.984171
1.29668
1.40925
1.42891
0.527867
0.855117
-0.1139
0.210517
0.0262656
0.485012
-0.0902979
0.913852
0.25217
-0.319134
-0.941561
-0.262385
-0.06594
1.49439
0.393454
-0.44651
0.482527
1.6792
-0.0460998
-1.11505
1.04658
-0.662595
-0.978518
-1.36193
-1.69263
2.46985
3.2984
1.93176
1.15371
2.64826
2.88184
1.409
2.44252
1.44954
0.78325
1.01549
1.71626
1.00598
1.78997
2.62482
1.34174
1.60878
1.93404
1.96467
1.39807
0.914834
2.36369
1.40628
1.97591
1.33841
-1.15017
-0.994332
-1.33087
-0.381373
-1.63027
-0.0906215
-2.83217
-1.05263
-0.27007
-2.13406
-0.926118
-0.134224
-2.29399
-1.75256
-2.17311
-2.16685
-0.632302
0.40465
-3.21363
-0.468888
-1.34546
-0.28028
-0.354536
0.262715
-0.268713
-0.356308
-0.865135
-1.96556
-0.782578
-0.813375
-0.16705
-1.33891
-1.27859
-0.247943
0.813303
1.59781
-0.654743
-1.22661
1.62963
3.09729
2.55382
2.15437
1.48272
0.354954
1.95265
2.26212
0.56815
2.06022
0.73351
0.489809
-0.643566
0.112507
2.17014
2.18383
2.18398
1.69613
1.20114
1.20463
0.477194
0.250452
1.4598
1.15874
-0.293053
0.608045
0.270025
2.92537
0.396603
0.511701
-1.16666
-2.20941
-0.837222
-1.38218
-1.24405
-0.554615
0.426375
2.01437
-0.0640817
-0.371514
0.593028
-0.906671
-1.9035
0.182511
-0.751439
0.223425
-0.736058
1.28414
2.93471
2.89662
-0.441356
-2.93385
-2.54458
0.0970252
2.19929
0.57385
1.62694
0.634844
0.331206
1.11334
-0.306488
1.77917
-1.29763
0.298797
1.80608
0.0316244
-0.115732
-1.47339
1.30258
2.83659
0.61375
-1.60719
-2.07895
1.06817
1.05115
0.81703
2.42327
-2.04782
-1.67548
0.378629
-0.619191
-1.07452
0.434055
1.60194
-1.88182
0.652118
1.02706
0.395562
0.70502
1.98423
1.75098
1.15125
1.45336
0.840839
1.01536
0.303462
0.504816
0.695774
0.538751
-0.466244
0.908286
-0.504443
-0.0400854
-1.1772
2.419
1.87046
-1.1779
-0.63036
0.336159
-0.686682
-0.254875
-1.25994
1.8527
-0.764166
-0.514645
-1.31708
-1.51093
1.6079
2.59924
2.33521
2.20679
1.42619
2.67336
2.6384
1.54461
1.13587
2.32007
1.70127
1.5429
1.082
2.0354
1.43122
1.89078
2.09136
1.75849
1.52917
1.83551
2.36227
2.27402
0.77197
1.98663
1.01507
-1.13524
-0.892087
-2.42112
-1.60099
-1.85206
0.165247
-1.74347
0.0118242
-1.09585
-1.20727
-1.28115
0.208261
-1.61035
0.830248
-0.127679
-0.849587
-1.7853
1.38839
-1.61971
-0.420803
-2.33767
-0.543425
-1.06759
0.293443
-1.01532
-0.410568
-1.05664
-1.6387
-0.829159
-1.74536
-0.331648
-1.37125
-1.03396
-0.541062
-0.642381
0.763388
0.352523
-1.73525
1.37132
2.66299
2.86788
3.18209
2.46543
2.14488
2.76969
2.04352
-0.145589
1.19241
1.4999
1.47185
-1.38765
0.528698
1.84792
3.39659
2.92817
0.838066
0.896724
0.810107
1.33704
0.407429
1.81888
1.66665
0.204577
0.404068
-0.0372607
2.22534
0.664709
0.617148
0.0268251
-1.68343
-0.825548
-1.31927
-1.92645
-2.35385
-0.487626
1.85073
-0.854515
1.50857
0.348141
-1.64454
0.13882
0.461507
0.384051
-0.886224
-1.67285
0.435238
1.97556
1.94587
-2.65941
-2.39889
-1.67568
-0.86726
2.36855
0.830479
1.91546
0.792387
1.18214
1.07811
0.920394
1.26761
-1.85255
0.337907
0.778066
0.118177
-1.04078
-0.0469878
1.88727
2.40943
0.941398
-0.279781
-1.21174
0.814077
1.40015
1.81537
1.32341
-1.33215
-1.63743
0.345632
0.0283168
0.944579
-0.433412
-0.178631
-0.781328
-1.12131
-0.853487
0.235653
-0.322839
2.14832
0.483182
1.81202
1.60085
-0.77462
-1.92791
-1.12033
1.19288
-0.701898
-2.05622
1.89595
0.514856
-0.569097
0.608239
0.622589
1.51795
1.52781
1.14187
0.746313
0.823399
-0.496027
-1.21637
-0.906284
1.09921
-0.690419
-1.2666
0.628465
0.682373
1.89077
0.262522
0.63378
-0.658196
-1.04904
-0.238873
2.38483
2.41195
0.968884
0.8684
-0.845508
3.2147
0.73444
2.24387
0.891459
1.3537
2.7582
-0.361531
1.70629
0.527341
1.15477
1.34013
0.68964
2.80687
0.767231
-0.170107
-0.552166
2.16237
0.92964
1.39786
0.978749
0.832854
1.42554
0.778861
0.394531
3.63007
1.78129
2.13698
1.47579
3.6752
1.16023
4.08579
1.90165
1.21922
1.45017
1.15579
0.168143
0.706945
2.10882
2.0926
0.369701
1.70512
0.353545
1.78817
1.81273
0.978547
-0.166405
0.489696
1.35857
1.11465
0.295379
1.00934
1.99797
1.23366
0.972828
-0.660063
-0.580646
2.16672
1.50948
0.789643
0.551118
0.93073
1.12784
1.05136
0.916069
0.803037
-0.26934
0.690125
1.36142
0.788828
1.76287
2.96392
1.75161
2.09232
1.95825
-0.634714
-0.73922
-0.225802
-0.495164
0.256111
1.02487
1.88877
-0.648308
-0.316071
-0.256259
-0.356466
1.65924
2.69833
1.44687
1.28457
0.148731
2.73513
2.08487
1.14284
1.04424
1.76602
0.440841
0.0459753
1.62206
1.50454
1.85509
1.71562
2.07665
1.34638
-0.231483
1.57862
1.61813
1.99946
1.71098
1.05536
2.52905
1.86951
2.13444
2.42417
1.22394
-0.251039
-0.107839
0.958558
1.21744
0.732229
1.66462
2.8045
2.08754
0.619411
1.27077
2.91601
1.9821
1.38798
1.83325
3.01757
2.66567
2.57075
-0.147077
0.885322
0.579796
0.209891
1.21514
1.74557
0.149091
0.878649
0.623181
-0.116208
1.99262
3.49399
1.55418
-0.0122493
1.32387
-0.221091
1.03912
0.551268
0.925205
1.0557
-0.122612
0.870972
0.970963
0.434407
-0.201787
0.96535
-0.0713669
2.47421
0.531825
-0.964941
-1.19221
1.25176
1.85937
0.846242
0.731992
2.46278
-0.748479
0.449058
0.398055
-0.0583885
0.506405
-0.165608
1.41137
-0.286604
-0.301027
-0.0545667
1.14292
0.731151
-0.545647
1.38053
-0.199703
-1.7042
0.562894
-0.529624
-0.139168
-0.700592
0.41047
1.72198
2.00087
2.54102
-0.109454
-0.0444883
0.0654312
1.61304
1.00046
1.38778
1.21739
0.153649
0.590204
0.675237
1.34637
1.24913
1.842
0.259385
-1.60177
1.89974
0.604242
0.374684
0.796526
0.309958
0.911756
0.358323
-0.451994
-0.199662
0.809663
0.894437
0.869186
1.12092
2.37424
0.593989
0.854699
1.07085
1.70976
-0.535689
1.31799
0.764267
0.707565
0.401113
2.13718
-0.656279
0.137054
-0.238724
1.41304
-1.0226
0.168679
-1.17018
-0.292629
-1.2864
1.17555
0.680373
-1.22976
-0.531415
0.379206
0.442167
-2.09589
0.119464
1.73758
1.89652
1.64502
0.707567
0.371399
0.418918
1.91719
-0.392642
1.91792
0.779727
-0.976187
0.116396
1.36948
-1.32439
-0.344277
1.70613
2.17057
-0.624854
0.739187
0.521556
0.202336
2.07889
1.18492
2.02254
2.66914
0.727638
0.854924
2.39788
-0.541669
0.223794
0.860668
2.13503
1.51149
-1.15396
0.573835
-0.36648
0.637126
0.478398
1.23675
1.00699
1.02401
-0.926013
0.706322
0.427667
2.20728
1.2528
-0.224674
1.47313
-0.369481
-0.484092
0.313496
-0.145159
0.420354
2.64676
2.17567
1.3326
1.13532
0.303162
0.320179
-0.532345
1.40419
1.10687
1.65017
1.16543
1.54801
