0.470721
-1.30158
1.08016
0.379012
0.0308739
-0.32492
-0.663886
-2.08041
-1.21355
-0.948871
1.56672
1.59139
0.692049
1.18592
1.8009
-0.411819
-0.271755
-1.47209
0.496274
-0.710669
0.692569
-0.345599
-0.448784
-1.06423
-1.17403
1.77991
2.16849
-0.0350286
2.68466
2.60162
0.426595
2.60203
1.36666
2.84757
2.76975
-2.57924
-3.99659
-1.93781
-2.92441
-3.60368
-4.60349
-2.77074
-2.58612
-1.48529
-1.98515
0.0897247
-2.09586
-1.07342
-2.14014
-1.62265
-1.96973
-2.36487
-1.53004
-2.01983
-1.69918
-1.34019
-2.26605
0.591046
-2.31102
-2.62327
0.400728
1.93174
4.17053
-0.789102
0.00227001
-0.42467
4.68308
2.39271
1.20072
3.2673
2.26923
2.12086
4.27932
3.34002
2.77668
1.01944
2.00914
0.844708
4.44228
2.09849
3.64182
1.24534
2.1861
0.775926
2.98855
1.3774
2.16764
1.00913
1.47575
0.33042
0.955053
-0.969407
-0.547141
-1.1067
-0.0571725
-1.60999
3.09596
2.40648
-2.829
-3.40329
-1.85015
-2.51896
-2.46963
-1.62892
-1.93414
-2.74468
-2.3965
-2.83194
-2.02078
-3.11587
1.12849
-1.51619
-2.85502
-3.36692
-2.44657
-1.27711
-1.60337
-2.88095
-1.34307
-4.26522
-0.831096
-3.53642
-1.44727
-1.43311
0.432104
-3.514
-2.36226
-1.1664
1.56429
2.5796
-3.21238
-1.35018
1.14288
-2.17813
-2.94066
-4.10307
-0.357702
-1.36806
0.229296
0.993861
1.05865
1.04104
0.988951
0.842052
2.14515
0.468517
-3.32649
-2.52736
2.18784
3.43924
3.91753
-0.376506
-0.684541
-0.916363
-2.41389
-1.0412
-1.98024
0.092679
0.871909
-0.758282
2.09396
2.55731
-2.07825
-1.47806
-2.20847
-0.858928
-3.41984
-2.47412
-0.808497
2.8186
2.62825
-3.76953
-1.64435
-0.765882
-2.17679
0.628142
1.08901
-2.84372
0.630397
1.03252
0.62574
-2.23069
1.01116
0.316447
-0.297467
-0.524726
-1.31609
-2.57924
-1.27518
-0.551937
-0.692516
-0.247627
0.182994
0.950698
1.24923
-0.893779
-0.207163
-0.827261
0.397153
-0.292927
-0.416136
0.687413
-2.67397
-1.00321
1.77516
3.14733
1.63837
2.07748
2.40957
3.05725
-0.2863
3.14171
1.48341
2.9411
3.19485
-2.35876
-4.32067
-2.40952
-3.22957
-2.96657
-4.14512
-2.78368
-1.64254
-1.49007
-0.660368
-0.711755
-1.47743
-0.690872
-1.11454
-1.54368
-2.88163
-2.87289
-0.851483
-1.96287
-1.74091
-2.87069
-1.87091
0.490948
-1.69542
-2.47858
0.709656
2.28746
4.18952
-0.848086
-0.158465
-0.317819
3.89869
1.82822
1.65167
2.8575
2.35782
2.37832
3.53311
3.02811
0.74839
1.51265
2.35441
-0.781185
3.09014
2.4253
4.31665
1.95545
1.51064
0.421004
2.85507
2.27647
2.47954
1.41931
1.53059
1.62648
-0.721072
-0.871215
-0.74178
-0.148505
1.71411
-0.834385
1.00252
2.67098
-1.39164
-2.92218
-3.07657
-3.14667
-3.66666
-1.0924
-2.52614
-2.79644
-1.7852
-1.23008
-2.01814
-2.85095
0.84124
-1.68281
-2.80159
-4.27736
-3.35669
-1.54845
-0.909099
-2.85512
-2.25563
-4.01406
-0.569499
-4.03676
-2.76715
-2.02653
0.349547
-3.47394
-3.07894
-1.76097
0.575509
1.9905
-2.31262
-1.01229
2.20985
0.549296
-2.50788
-2.1447
1.51615
-1.92866
0.985411
0.316169
-1.36581
0.528905
1.03801
1.55238
3.00518
0.0706986
-3.19474
-0.570051
4.64005
3.65271
3.96833
1.22642
-2.20867
-0.91244
-2.83351
-0.865623
-1.33035
-0.00490161
-1.1533
-0.907681
2.94758
2.20729
-2.21923
-1.67683
-1.11352
-1.25066
-4.61013
-3.15724
-1.50507
1.89738
3.98605
-3.86496
-1.22494
-0.938851
-2.2575
-1.31609
1.45603
-4.48045
-0.649694
0.494599
-0.421846
-0.563757
-0.0932795
0.273151
0.237324
0.557621
-0.342152
-1.25763
-1.16062
-3.30752
-2.44476
0.061474
-0.0412735
-0.466213
-1.17613
-0.568021
0.220116
-2.5284
-0.79732
-0.457111
-0.782112
-0.555294
-1.32282
-1.90045
-3.66359
-3.37042
-3.10419
-1.33935
0.760877
-0.0346486
-2.997
0.334216
-0.540684
-2.12903
-1.845
0.435814
-2.02137
-1.37713
-2.13902
-0.507593
-0.666684
-3.27598
-3.41102
-2.19033
-1.54111
-0.262335
-2.91432
-2.13369
-2.34173
-2.11832
-3.31887
-3.37804
0.535461
-2.46124
-1.20688
-0.732271
-1.35895
-1.69318
-3.15318
-0.878821
-1.10809
-1.33602
-3.61947
-3.32173
-2.94553
-1.94101
-2.02266
-2.77133
-2.57708
-1.24925
-3.3375
-2.37233
-3.49649
-1.56141
-2.43382
-1.86341
-3.53868
-3.38054
-1.3467
-1.99817
-0.330359
-1.96329
-1.71321
-4.79287
-2.83687
-1.68727
-2.85297
-4.2784
-3.22329
-2.63405
-1.18102
-1.03325
-1.25555
-3.66749
-2.4755
-0.285559
-2.16678
-3.21088
0.147508
-4.39794
-1.01201
-1.11216
-2.56829
-0.372269
-3.31823
-1.79787
-1.29675
-2.92631
-1.67583
-3.45107
-3.81573
-1.65679
-1.84775
-1.32838
-1.23413
-2.32719
-3.50316
-3.0015
-2.8128
-2.79926
-0.534428
0.853852
0.788194
-0.208015
-0.706383
-2.9928
-2.55254
-1.37588
0.245475
-0.822093
0.311134
-1.34263
-3.21541
-0.273777
-4.88301
-0.612474
-2.03779
-1.27139
-2.37192
-1.30111
-4.30477
-1.85923
-2.12211
-1.01445
-0.931839
-2.2389
-2.41955
-2.60353
-0.90341
-0.13119
-2.49855
-2.0026
-2.48925
-2.44763
-1.84531
-2.31957
-2.62967
-3.27345
-4.23117
-2.24825
0.405201
-0.799727
-2.3894
-0.521103
-2.92751
-2.88899
-3.66961
-2.26288
-1.21259
-2.4841
-4.01806
-3.58018
-0.888439
-3.57437
-2.53734
-3.06382
-3.47536
1.35683
-0.294758
-3.16085
-0.686414
-2.09767
-2.33821
-3.22644
-3.80965
-0.601599
0.306994
-1.85766
-2.59057
-2.51148
0.702967
-1.88676
-0.591694
-1.72194
-0.198223
-1.63147
-0.779757
-2.39325
-0.334773
-1.24204
-0.148195
1.17834
-1.3253
-1.80187
-0.69921
-0.767858
1.03457
1.34012
-1.84868
-2.73119
-1.74668
-0.165296
-2.46993
-1.25063
-0.948327
-1.96133
-1.58003
-1.46951
-0.998165
-2.52691
-1.36901
-1.62444
0.440478
-1.55798
-3.09718
-2.30922
-3.04916
-1.04298
-0.331046
-0.767311
0.194163
-1.36597
-1.58739
-3.53336
-2.23738
-2.46806
-3.05185
-1.11644
-0.409078
-0.660348
-0.87083
-1.49704
-1.99175
-1.38656
-0.878161
-1.52856
0.114497
-1.50957
-2.31952
0.273814
-1.11503
0.148112
-2.08387
-2.99239
-2.13389
-1.71199
-2.82976
-0.595393
-1.94813
-1.76582
-2.69209
-1.03076
-2.20678
-1.70141
-1.34424
-2.41757
-0.721667
-1.09139
-2.28394
0.00412219
-0.824947
-1.188
-1.33039
-1.44143
-0.637572
-2.87364
0.0669431
-1.16605
-0.61725
-2.8232
-0.40412
0.258024
1.66783
-0.873554
-0.202625
-2.71487
-0.553603
-1.1793
-1.38992
-2.12927
-0.269425
-0.221934
-2.01402
-2.43516
-1.23722
-2.49215
-1.04241
-0.635997
-3.24475
-1.81035
-3.26405
-1.59906
-1.41795
0.0230128
0.665322
-0.340444
0.393612
-0.194654
-2.98274
-3.9169
0.339037
-0.987117
-0.38833
-0.983357
-3.24168
-2.90273
-2.07424
-1.53558
-1.67655
-3.89162
-2.75097
-2.36939
-0.470553
-1.07122
-1.61875
-1.80593
0.751718
-2.26479
-0.215046
-1.10503
-1.86248
-1.34544
-0.54617
0.105615
0.440646
-1.48306
-2.08645
-2.17579
-2.55785
0.453409
-1.1926
-0.833692
0.275195
-0.319566
-0.887643
-1.72243
-2.98791
-1.94987
-2.34703
-0.292012
-0.203895
0.83912
1.03079
-1.2087
-2.11853
-1.85743
-0.726128
-1.63894
