-0.121673
-1.87459
-0.800943
-0.229702
-0.787606
-0.429731
0.0578242
0.376279
0.280369
1.38146
1.73578
1.92277
0.883789
1.28637
1.45285
-0.549825
-1.0455
-2.26644
-0.382763
-1.56417
-2.44625
-2.57979
-2.52535
0.623833
-0.188433
4.10222
0.414577
-0.46547
0.141952
-0.935324
1.02747
1.85014
-1.37299
1.46088
0.528798
-0.205864
-0.0968872
1.31999
-0.802591
-0.526222
0.264469
0.205554
0.294972
0.839935
1.47382
-0.576389
-0.00945064
0.868745
2.04315
0.276979
0.698168
1.28137
0.409983
-0.02612
0.640804
1.89689
1.33239
1.13677
2.41604
0.554261
0.348035
0.900405
0.507075
-0.416497
-0.322692
1.38942
1.8336
1.30783
1.81438
2.38844
1.2429
0.332984
2.29242
2.68468
2.06305
0.990907
0.0838296
1.64013
1.3043
2.12266
2.241
2.15788
0.495051
0.5004
1.11696
2.25129
1.69656
-0.751112
1.26167
-0.69668
-1.12382
-0.575368
-0.415177
-0.489618
1.15954
2.17875
3.41932
1.89396
0.939366
1.17503
1.1872
0.367625
0.868513
0.468835
0.184643
0.943946
-0.0435945
0.744525
1.29333
-1.70916
1.7018
1.46247
0.56928
1.87393
0.371768
1.43222
2.65939
-1.47159
-0.507749
-1.55915
0.648638
-2.51182
-0.257456
0.16351
0.874737
-0.16657
-2.69212
0.382205
0.507981
-1.72056
-2.09402
-1.01706
-1.97912
-2.13005
-2.94558
-2.45164
-1.82941
-1.35867
-0.35928
-1.84685
-1.33329
-0.113858
-1.77064
2.21501
1.09279
0.0957099
0.491884
1.67494
1.17669
-0.457437
-0.195743
0.0466983
1.01501
-0.323602
-1.0913
-1.04391
-1.16627
-0.017675
-1.90593
1.22986
-0.779209
0.788343
-0.758751
-0.0588513
-1.01264
-1.05976
0.0580811
1.40818
0.139425
0.947815
0.78187
-2.53266
0.307958
-0.0349136
0.0587717
-1.0019
-0.72292
-1.75795
1.69936
1.8187
0.123534
0.151041
-1.3474
-0.41743
0.217445
0.332488
0.217286
1.21404
0.881806
3.10303
1.61712
1.54825
1.67359
1.04432
1.25928
1.481
-0.119424
-2.29491
0.661806
-1.23279
-2.35483
-2.67107
-0.881715
1.09952
-0.440735
2.6754
0.270196
-1.71879
0.15251
-1.41475
0.398192
1.82541
-1.35231
1.14063
0.53663
0.354798
0.178785
1.25645
0.0812391
-0.128655
-0.816511
1.89328
0.94964
0.522218
0.395496
1.41878
1.45936
0.949019
1.25519
1.07695
1.61007
2.15568
0.933593
0.805078
1.15732
1.86033
1.63359
1.34141
2.20926
1.27661
0.525949
0.563378
1.11807
-0.258047
-1.00558
0.313034
2.32019
1.73019
1.13984
2.61372
1.01367
0.0355757
2.88582
2.6842
1.03496
-1.1002
0.747033
0.891004
2.16613
1.40664
3.56976
2.55193
1.54609
1.42223
1.57618
2.6729
2.55508
-0.50392
-0.316174
-0.905638
-2.55395
-1.36381
-0.942616
-0.438311
1.64604
2.02519
3.62621
1.34781
0.855492
2.22745
1.74712
1.29871
-1.20742
1.53488
0.425752
0.273227
-1.61115
1.10505
0.367795
-1.43941
-0.0389224
0.456814
0.0373752
0.463195
0.581439
1.12805
2.08646
-3.25722
-1.78959
-1.68394
0.797103
-3.15246
-1.64143
-0.0367148
-0.693368
-1.69209
-1.66808
0.67715
0.710842
-1.46126
-1.65388
-1.27084
-1.80355
-1.95414
-3.7609
-2.20637
-1.49204
-0.518667
0.0468297
-2.57613
-1.71134
0.078696
-0.370396
1.49147
0.845093
0.0515351
1.2833
0.792389
0.320417
0.197335
0.310055
0.579196
1.31714
-0.661733
-1.61674
-0.562729
-0.92808
-0.0999301
-0.720283
-0.408683
-1.80356
1.05085
-1.74642
-1.64952
-1.3979
-0.25815
-1.52968
2.25644
-0.885511
-0.0966761
1.91553
-2.03549
-0.23901
0.828666
-0.468355
-1.42297
-1.35055
-1.65162
0.187313
1.3582
-0.847753
-0.0255085
-0.321528
-1.08046
-1.00683
1.3916
-1.23739
0.0298682
0.807342
0.622416
0.73888
-0.662348
-1.26375
-0.770864
-0.986693
-2.12221
-0.530047
1.17663
-0.571571
-0.0121989
0.285661
-0.687889
0.258081
-1.75407
-1.42364
0.272607
-0.848893
-0.0991852
-1.41255
-1.61142
-1.07584
1.18717
0.621957
-0.405101
-1.65328
-0.468914
-0.852181
1.56045
-1.10627
-0.888719
0.533861
1.19705
1.49126
-0.706045
0.201315
1.06621
2.42028
1.79292
2.62299
1.36161
0.19483
1.16986
1.51433
0.411972
2.55492
0.907239
0.815632
0.807794
0.227652
0.135502
3.37157
-0.178868
1.92462
-0.312374
0.244312
-0.156075
-0.0264069
-1.23086
1.39127
2.57094
-1.44075
-0.751933
-1.93392
1.01822
-0.672008
-0.059294
1.33438
-1.07757
-0.0191683
0.988981
0.318435
2.58238
-1.47459
0.0587818
-0.316129
0.502209
0.53186
-0.824922
0.533905
0.816025
2.01383
3.36864
0.19693
-1.12777
-0.622702
0.277782
-0.66428
-1.59952
-1.24206
-1.94761
-1.17904
-0.301271
-1.15887
-0.678882
-1.67422
-2.05501
1.53014
-0.201039
0.569228
-0.600502
-1.0193
-0.187393
-0.241752
1.24061
1.52364
0.153192
0.765948
-0.271845
0.495358
0.742008
-0.494269
0.459975
0.792302
-0.669507
0.533774
1.44763
0.307892
1.12897
1.70865
1.46702
1.03074
-1.40725
-1.68788
-0.0491999
-1.61271
-2.13546
-0.634236
-0.557423
0.386843
0.810761
-1.3734
-0.486448
-0.662434
1.12194
0.123987
-0.0840315
1.34203
1.85577
1.01418
2.16024
0.535113
2.117
2.35125
0.843245
1.52761
1.24732
-1.66839
1.33329
-0.227527
0.348862
0.285682
-0.243235
0.600154
1.05381
-1.21281
0.190824
0.207922
-1.4854
-1.01405
-2.21571
-0.945938
-1.22714
-0.266303
-1.48651
-1.51252
0.998738
-0.722059
-2.57722
-0.664452
0.263038
0.602145
-0.0369634
2.12943
-0.846026
-0.507346
1.78356
2.43476
-0.852125
-0.604743
-1.23487
-1.42076
-0.333453
-1.7139
-0.918101
-0.395462
-1.59859
0.542975
-0.906102
0.0918162
0.274672
-0.539671
0.419371
-0.223105
-0.0468202
0.198841
-0.15761
1.44619
1.51512
0.340456
-2.23386
0.118739
-0.0313063
-0.485369
-0.273312
-0.358379
-0.214405
-0.560004
-0.965759
-0.211111
-0.196472
-0.948175
-0.910274
-0.48684
-2.38511
-0.0575759
-0.1722
-0.21961
0.926667
-0.532606
0.587019
-0.683929
-1.6868
-1.84402
-0.380012
-1.01267
0.681583
1.0719
-0.878183
0.958533
0.931479
1.80239
-0.136555
1.55371
0.446889
1.38446
1.24554
0.315466
0.456353
-0.166461
1.13946
0.341559
0.0750134
1.37971
1.20151
1.28792
0.818198
1.59049
1.06604
-0.346134
0.698604
-1.03517
0.514352
1.12777
0.471672
1.13187
1.36638
1.96274
1.70296
1.51804
1.13248
0.860751
0.973701
2.25171
1.47299
1.81608
0.599792
1.37369
0.54155
0.43228
0.129604
0.726565
1.675
0.973308
-0.478691
-1.43418
-0.328863
-1.38967
0.570518
0.559824
-0.284085
-2.5926
-0.416109
-0.460353
1.18632
0.312239
1.10572
1.32724
0.988686
-1.88826
0.463261
-2.1296
1.04153
1.85645
0.776197
-0.428212
0.99593
-1.28614
-1.04719
-0.67734
-0.947937
-0.14499
0.0589589
1.08957
0.242126
0.550468
-0.129679
1.39742
-1.12646
-1.57004
0.10218
0.272999
-1.26292
-1.00849
-0.0961307
-0.261775
-0.642524
0.125373
-1.7957
-0.706681
-0.570655
0.232156
0.488801
1.0094
0.0858138
0.894068
1.36896
1.12035
-1.00962
-0.603503
-0.753254
1.36445
-0.530584
0.84816
2.95481
1.4385
0.585188
0.998277
1.47455
1.20557
1.14773
2.72656
1.57928
2.29797
1.33375
1.84379
1.95202
1.89985
2.83035
