-1.24669
0.775628
-0.809794
-2.01416
-0.626519
0.203671
-1.10867
1.10587
1.95423
1.4088
1.79765
1.48018
0.0100321
-0.614082
-1.13443
1.07205
0.900619
2.09853
0.960493
1.95353
0.235995
0.59854
-0.278237
-1.9441
3.18012
1.16892
-0.6461
0.328985
-0.766118
0.11267
0.00697376
-0.597967
0.258039
-1.12316
-1.3004
0.0823161
1.3158
-0.338272
1.19404
1.90967
0.979541
0.404253
1.52
0.355644
0.318622
1.08769
1.41924
0.326568
1.40766
0.468206
1.70752
0.91263
0.563799
1.49353
0.973256
0.580426
0.980227
-1.03646
0.0483198
0.775316
0.17156
-0.603572
-0.282684
0.268194
2.2466
1.06187
-0.684175
-0.0970011
0.336586
0.230701
0.0559825
-1.90991
0.611208
0.0135022
1.70209
0.447601
-0.468631
0.444266
1.15106
2.07577
1.13719
-1.00967
-0.423737
-1.15917
-2.17735
-0.465999
0.144131
0.676131
0.361921
-1.50399
0.725493
1.07185
0.931696
0.575038
0.652871
0.366653
0.304065
-0.222893
0.838137
1.06551
1.01057
1.60478
0.147281
0.317886
1.73647
0.844716
-0.728941
1.63195
0.650617
0.123308
1.31404
-0.569913
1.3949
1.20598
1.33994
0.272569
1.29111
1.28445
0.209403
0.866107
-0.656132
-0.450755
0.00985974
-1.29806
-1.24494
0.419072
-1.67966
2.0736
0.246175
-1.52633
0.739876
2.52818
-1.66582
-0.129746
-1.87524
1.40441
-0.967965
0.568009
-0.334986
0.210242
2.26289
-0.0119866
1.55499
0.0751524
-0.721081
2.43133
1.45607
1.58343
-0.546479
0.531119
-0.833833
0.36406
-2.03863
-0.259078
-0.657293
0.58659
1.9972
-0.207605
1.25848
-0.559977
-1.13381
-2.05187
-0.507235
1.30322
1.00957
1.63077
-0.257932
0.862977
3.80729
-1.15418
-0.397922
-0.173985
-0.619721
-2.03854
-0.317219
0.622231
-1.041
0.0786081
-0.7549
-0.145301
-1.36035
1.24123
-1.38983
-1.79118
-1.84611
0.34151
0.455643
1.29214
1.47151
0.64003
-0.509283
-0.375006
-0.310577
-0.814589
-1.44589
1.33055
0.729147
0.343437
0.709421
0.93865
0.477808
0.0983363
0.732771
-1.8913
-0.262498
-0.597106
-0.455071
0.186698
-2.31689
-0.572284
-0.417286
-1.41931
-0.630271
0.178805
-1.08653
0.33296
2.02192
0.395325
1.06092
1.93531
1.32337
0.362152
1.23405
0.0654906
-0.549918
-0.408368
2.35022
0.847865
1.26026
0.647239
0.90904
1.35444
0.452389
1.67817
1.11745
0.8814
-0.799378
-1.03561
-0.956234
0.655269
1.19775
0.344258
-0.450568
1.17246
1.28834
0.96326
-1.90794
-1.24839
1.16627
0.253623
-0.336725
-1.75053
-1.15761
-0.199231
0.679048
-0.330152
-1.73301
-0.983911
-0.446589
-0.777495
0.845029
-0.478827
0.239
-0.974826
-2.17294
-1.47044
-0.6874
0.936586
-1.23545
0.350147
-0.0161384
0.683365
0.866506
-0.018284
-0.781789
0.637237
0.243297
-1.75038
-0.184149
0.410127
2.60195
1.97057
-0.942563
0.595204
1.78536
-0.0191051
-0.961949
1.95172
-0.230881
0.151017
0.841764
-1.06465
1.49835
0.967527
3.12356
-0.351639
1.00508
1.96517
-0.392297
0.592696
-0.34185
-0.288237
0.473168
-0.166159
-1.04648
0.225023
-0.0311996
-0.105706
0.272062
-1.30536
0.468592
-0.255265
-1.85614
-1.342
-0.272199
-0.1356
-0.196094
1.45573
0.384805
-0.269345
0.892729
-1.30144
0.228557
-1.78298
-0.489529
1.54274
0.841699
-0.896797
-2.62325
-1.20258
-1.21271
1.17481
-0.67156
0.289975
-0.926251
0.660791
2.08379
1.19565
1.30963
-0.199077
-0.733499
-1.75787
0.811449
0.99906
0.823299
1.05173
-0.991964
0.939469
2.25728
-3.23315
-2.20888
-1.20225
-1.31963
-0.490561
1.33391
0.509856
-1.2523
-0.914484
0.141539
-1.60202
1.76999
1.62083
2.27942
1.29178
0.327056
0.329656
1.2633
0.95048
1.20006
0.461287
1.31329
1.2631
-0.409769
1.93878
0.476824
1.13013
-0.617273
1.08132
0.145356
-1.23403
1.14514
0.0860923
-0.576203
-1.38886
-0.0407103
-0.789576
-0.215322
-1.59127
-0.866504
-0.614076
1.07767
0.283122
1.23336
0.629582
-0.617792
-0.295348
-0.988946
-1.14443
1.63005
-1.07055
-1.1473
0.544861
1.30683
-0.18937
0.671996
0.705255
1.26172
0.120422
1.23842
2.06455
-0.0427501
0.418743
2.65888
0.760063
0.582215
0.66974
0.682103
0.562305
0.146621
-0.42512
2.18314
-0.203459
0.907567
1.07144
0.657632
0.511879
0.122398
1.35018
1.45121
1.59137
0.439754
1.04146
0.475213
1.12975
1.05636
-0.126384
1.22087
0.295437
1.11211
0.836663
-0.210759
0.554375
1.22027
2.73265
1.77204
-0.425569
0.8968
1.24226
2.30078
0.628601
1.00241
1.54379
-0.0349952
1.22987
1.63086
-0.125708
0.270521
0.64112
-0.591612
1.29823
0.17918
-0.705653
0.425025
-0.0765492
0.477815
0.576936
-0.216456
3.29703
-0.403026
-0.129129
2.37838
0.852637
-0.360117
2.06397
1.23209
1.4319
0.380116
0.170251
0.849961
1.10132
1.23103
0.681962
1.60548
0.606313
1.49824
1.35461
1.59559
1.15045
0.00285026
-0.586037
0.115924
-0.292884
1.36266
0.341323
0.822461
1.08678
-0.838263
1.35789
-0.109472
2.056
1.45418
-0.319887
0.754705
0.965416
0.124367
-0.325952
1.61171
1.69028
1.97318
0.301419
0.15682
1.65131
0.539896
0.766883
0.581352
1.48188
0.306663
1.13291
1.0458
0.957214
0.513974
0.803478
2.44845
1.27553
1.10351
1.59053
-0.319752
0.280833
0.904264
1.35912
0.428537
0.781342
0.481367
1.35115
0.200082
2.23271
0.515779
-0.93532
-1.75809
0.253684
0.610976
0.137791
1.52411
1.62357
2.15148
-1.09729
-0.0404718
1.79654
1.1639
0.998746
0.588053
0.804588
-0.318224
0.612891
1.78264
-0.0458335
0.844539
0.226557
0.204539
1.31026
0.922003
0.152307
-0.379333
0.383995
0.138577
-0.156201
-2.02361
-1.02609
-1.7528
-0.24422
0.489166
-0.835139
-1.49167
-0.366942
-0.903174
-1.25173
-0.668149
0.368597
-0.17882
1.30983
-1.28864
-0.585467
-1.2298
-0.15425
-0.427399
-0.56564
-0.644232
-0.245808
-0.497215
-0.78258
-1.0236
-1.56203
-0.710809
-1.55296
1.35719
0.504259
1.6312
0.102762
0.371924
0.340282
-0.953468
-0.339445
0.662888
-1.03522
-0.68679
-0.267166
1.41465
0.140154
-0.564888
-2.17298
-0.594468
-1.11792
-0.466572
0.132899
0.212945
0.586207
0.385139
-0.724469
-0.268625
0.674839
-0.599002
0.525794
0.735515
-0.369361
1.89366
0.895537
2.28342
1.62061
1.96627
0.963612
0.874759
1.27299
1.94226
1.56387
0.999153
0.916618
1.03599
1.44048
1.42195
1.03012
-0.919743
0.970408
-1.85833
0.508432
0.287532
0.488392
-0.900108
-0.898873
-1.7016
0.422122
-1.57743
-2.22182
-0.820669
1.72166
0.404168
2.07655
1.86466
0.633903
1.45005
2.13223
1.33054
-0.102742
0.848347
0.844467
-0.033322
-1.53607
1.00635
0.919967
1.07344
1.47149
0.947082
-0.896658
-0.0289957
0.825769
0.858292
0.582676
-0.364977
1.00041
0.420246
0.932527
2.65207
-1.24439
-0.634402
1.47458
0.123417
1.06409
1.08311
-1.83901
-0.00953216
0.230579
1.42969
-0.442865
0.817334
0.038094
0.324773
1.40319
2.77659
0.489502
1.76182
0.00160149
0.715537
1.16093
1.52751
1.39126
0.816911
-0.341905
3.07984
0.765632
2.70334
0.384191
1.34151
-0.996023
1.24927
0.441706
1.19342
0.558726
0.305685
0.5082
