-0.213106
1.18219
0.50696
-1.63195
-0.461329
-1.04033
-2.12052
-0.254895
-0.123939
-0.65788
-0.553563
-1.4361
-0.378732
-0.577636
-1.06901
-0.368654
0.205464
0.750226
0.66829
2.25781
1.50697
1.20229
0.601273
-0.328942
2.39623
-0.725025
-0.918708
-0.702275
-1.54671
-0.592008
-1.96469
-0.601089
-0.688935
-0.0490362
0.309261
0.12251
0.193478
-0.489415
1.08879
1.28205
-0.195336
-0.194159
0.479918
-0.336838
-0.269365
0.595193
-0.569287
-0.355042
-0.469435
0.197203
-0.0591503
-0.500745
-0.568574
-0.41183
-0.506184
-0.206397
-0.526014
0.127662
0.460002
0.922707
1.14165
-0.243789
-0.787086
1.93013
1.92239
1.84363
-0.955944
-0.376366
1.01939
-0.874786
-0.430672
0.233854
-0.261399
-1.28937
-0.172536
0.0120404
0.758469
-0.0091889
-0.574156
-0.00162233
0.233738
0.0494142
0.833584
0.600767
-0.499025
0.532819
0.224209
1.18615
0.828985
0.294098
0.909854
2.92901
1.55498
1.56871
-0.153496
-0.794707
-1.53942
0.195373
-0.311782
-1.08883
-1.00838
-0.527256
0.108717
-0.452675
-0.160929
0.444165
0.430862
-0.10366
0.0694853
1.50521
-0.230828
-0.165457
0.0442403
-0.101248
-0.191912
-1.89885
-0.36404
0.157049
0.455148
1.22636
-0.500764
0.510728
-0.7712
0.611499
-1.4016
-0.511494
0.214286
0.494395
-0.240897
1.00452
1.50366
3.10725
1.64816
1.56108
1.02424
1.78156
1.04984
1.82404
-1.21622
-0.0306863
0.173625
-0.659676
0.74523
-1.33628
-0.415506
0.589415
0.711608
0.183414
0.146538
-0.831004
-1.14818
-0.0721447
-3.33237
0.0395165
-0.323126
1.48003
2.6494
-0.759193
2.18299
-1.86264
0.735114
-1.40098
-0.49162
1.22211
0.42349
2.16169
1.1068
-0.947383
1.84631
0.151552
-0.423359
1.18934
0.483679
-0.368839
0.458229
2.064
1.54718
3.05845
0.559809
1.06171
-0.957495
0.981982
0.0741685
-1.56232
-1.38732
-0.248767
-0.962118
-0.811736
-0.633561
-2.12332
-2.57599
-2.06668
-0.827553
-0.79589
0.172042
-0.47574
-0.628845
0.351476
-0.155616
2.31902
1.94632
0.767363
0.674862
-0.855548
-0.218394
-1.7517
-1.47667
-0.550533
-1.0715
-0.716683
-1.83092
-1.81444
-1.34066
0.163617
-0.795635
-0.127469
0.135929
-1.20336
0.66981
0.298162
-0.391091
-1.70764
-0.408291
-0.366642
-0.946648
-0.781413
-0.807617
-0.463189
-0.963538
-0.940502
-0.996266
-1.37059
-1.3646
0.589117
-0.324485
-1.19605
-1.68478
-0.83657
-0.353161
0.153984
2.13895
0.0458088
-0.0752293
2.7312
2.0962
1.57959
-1.67196
-1.18723
0.533459
-0.983795
-0.130079
-0.423197
-1.0537
-1.97727
0.303432
0.344062
-0.4032
-0.958188
-1.40277
-1.9394
-0.72484
-0.356178
0.994981
0.0851085
-0.341649
-0.600703
-0.457439
1.68366
0.84433
0.867658
2.00567
1.63409
2.16063
-0.337071
-0.728952
-0.722208
-1.11362
-0.304273
-0.605635
-1.23473
-1.29719
-0.268629
0.802707
-1.39616
-0.461408
-0.218388
1.97276
0.142057
-0.0266637
0.984262
-0.347624
-0.757788
0.463074
-0.331431
0.744877
-1.45778
-0.694976
1.30635
-0.406483
0.590643
-0.574706
0.58431
1.24789
0.571398
-1.12955
-0.26135
1.1284
-0.435544
-1.20641
0.321121
1.26875
1.95604
1.00696
1.83529
1.69288
0.637847
0.971176
1.11432
-2.16472
0.806668
0.693254
-0.696944
0.218983
-1.26861
-0.798629
-0.0970908
0.0769838
-0.433709
-2.00016
-1.88349
-1.12467
0.328787
-1.93297
-1.22565
-1.07844
1.31552
1.75506
0.611936
1.97349
-0.853332
-0.0700618
-2.04132
-0.150522
0.512189
2.09331
1.97005
1.65717
-1.23924
1.38619
-0.630524
-0.996407
0.113208
-0.233634
-1.01974
1.23823
1.78514
1.09279
2.19758
1.14092
-0.838008
0.612615
1.76285
1.9321
0.971915
0.64444
0.861597
0.668269
0.958475
0.916945
-0.537787
-0.201461
-0.927872
0.329946
1.40336
0.0470734
1.50438
-0.188142
-0.73723
0.132924
0.48817
-0.209672
-0.144283
-0.943931
0.209297
0.613067
-0.0821437
0.604493
-1.68681
0.687724
1.59087
0.263732
-0.458993
0.261963
0.126449
-1.18494
-1.51398
0.869944
-0.692005
3.00888
0.341431
-0.454743
-1.13702
-0.64177
0.0833579
0.789345
0.962685
-1.0548
0.214286
-0.304137
1.45143
-0.131808
-0.990075
1.1944
-0.493313
-0.130543
-0.31153
-0.41787
0.334805
-1.36757
-0.222431
0.317594
-0.168635
-1.25165
0.202514
0.0822528
-0.906494
0.0697894
0.158692
1.88796
0.675373
0.217037
-0.348743
0.801757
-0.104687
0.477553
-1.64936
-0.943637
0.278879
-1.23157
1.12869
-0.353117
-1.5835
0.156145
1.50584
-0.447361
-1.5492
0.473936
1.23329
0.535252
0.661218
0.0769814
0.26851
0.285676
-0.0116675
0.352774
-1.74726
-0.4878
0.0675239
-0.685156
0.424301
1.56031
0.0045478
-0.383788
-1.38886
-0.316835
0.512397
-0.152273
0.834251
-0.437089
1.22203
0.604716
0.620167
0.39892
0.442665
0.791077
1.14884
-1.57854
-0.523985
-0.937554
-0.877497
1.17636
1.04993
1.57283
0.139997
-0.353955
1.01941
0.318343
1.19666
-1.11012
-0.797296
-1.03824
-1.0021
1.12498
-1.19731
0.400459
0.354441
-1.15843
0.860713
-0.00346984
-0.315651
0.242778
-0.404767
-0.430978
-0.226382
-0.455781
-0.676214
0.0810514
-0.0881288
-0.0905586
-0.619164
-0.539187
-0.241606
-0.303206
-0.895407
-1.07134
-0.823101
-0.534193
-1.49223
0.229142
-0.150913
-0.132906
0.457595
1.57697
-0.180426
0.0772057
-0.0298928
-0.687333
0.308447
1.77526
1.07
0.124376
-0.951797
-1.37608
0.674735
0.0475028
-1.66392
-0.266589
0.123228
-0.360651
-0.970602
-1.72941
-0.136879
0.631081
0.28034
0.294936
-1.12584
-1.20087
1.41719
0.524499
0.3245
0.595611
1.63214
0.507818
0.444352
1.1667
-0.0298363
-0.906733
-0.509425
-0.0724528
2.13939
0.887897
-1.09702
-0.0343136
2.51109
-0.998049
-0.292093
-1.32338
-1.12862
-1.26565
0.653866
-0.402042
0.409345
-1.51755
0.113794
-0.430807
0.483662
0.32211
0.617269
-0.466614
0.824139
-0.900736
0.357127
-0.0711775
0.582881
-0.68021
-0.159507
-0.747257
-0.0796593
1.76236
0.0635041
-0.0961549
0.156697
-0.372946
-0.851407
1.42188
-1.70088
-1.28499
1.26164
-0.389716
-0.296327
-1.17112
-0.756138
-1.26628
-0.930731
-0.666342
0.0476016
-0.0776714
-0.494295
-1.04785
-2.27874
0.422726
-0.208982
-0.540245
0.545968
-0.0947791
-0.263876
0.0693565
-1.00515
-0.492829
0.550089
1.62994
-1.07909
0.52818
0.121464
-0.364507
-0.520253
0.323975
-0.0321506
-0.116902
-0.697972
0.213388
-0.831167
-0.346354
0.112819
-0.457551
-0.978997
0.86334
0.494671
0.841891
-0.226497
0.382752
-0.0641971
-1.55021
0.46658
1.0656
0.482577
0.0568126
0.904909
-0.459347
-0.0715661
0.149952
-0.0873493
0.598343
0.186043
-0.759828
0.420845
0.0253436
-0.3443
0.0178483
-0.550073
0.766706
-1.1751
0.584949
0.186712
1.01127
-2.21644
1.15548
0.714326
0.747621
0.260347
0.547245
-1.98282
-0.61511
0.396932
-0.728019
-0.492814
-0.573898
1.01803
1.11013
1.10158
1.79985
0.202275
-0.5459
0.22084
-0.130181
1.21669
0.557406
-0.236666
-0.312103
-1.15932
-0.369029
-1.02679
-1.84583
0.029852
-0.817762
-0.0802759
0.739588
0.189015
0.279172
0.0798545
-2.55178
1.70401
1.62397
1.03575
1.00829
-0.338028
1.32389
-1.18614
1.36765
-0.353449
-1.25519
-1.50388
-0.785312
0.0741379
0.537634
-1.46779
-0.711442
-1.50383
