-2.27882
0.203816
-0.98182
-1.98617
-1.42249
-1.63279
-1.63366
-1.38341
1.08386
-0.234501
1.59078
0.806365
-0.477775
1.12257
0.881832
-0.528201
0.279414
-0.449981
-0.143664
-0.302327
-1.52395
-2.18967
-1.85839
1.51558
0.960647
-1.10367
0.757934
1.30248
0.99312
-0.148218
-0.513438
0.118577
-1.44436
-0.282561
-0.428324
-0.375269
0.362372
0.771606
-0.563615
0.519741
0.449159
-0.276623
0.629929
0.594156
0.630132
0.322711
0.562909
0.102134
0.302712
1.36388
-0.357341
-0.585037
0.105862
0.403419
0.104925
1.56995
0.410919
1.36973
1.06323
1.17365
1.83805
0.258793
0.458926
3.54969
3.4346
0.604931
-0.366306
-0.495344
0.0698067
-2.32751
-0.350271
1.76934
0.816749
-0.633138
-0.231272
-0.669295
0.583534
1.90456
-0.547262
1.73412
0.836623
1.57315
2.19989
1.17266
-1.10902
-0.373534
-0.631625
1.22549
1.13154
1.42781
1.60734
0.310583
1.1014
0.800516
1.49462
1.15241
-0.458807
0.0860773
1.07255
0.91666
0.233348
0.295105
1.88637
1.37896
1.14027
2.61765
2.09703
0.855121
1.56119
2.37377
0.397369
1.50628
0.306915
0.976066
1.45123
1.40671
2.00016
0.68064
1.06395
0.520535
-0.510413
0.347891
0.324278
2.27598
0.609522
0.300621
0.152903
1.14267
-0.607879
-1.77737
0.637677
-0.182003
-0.55321
-0.836021
-0.328517
1.56214
0.241114
-0.0701529
0.0782506
0.308198
-2.14205
-1.0338
-1.06953
2.60309
1.337
-0.183673
2.23082
1.9195
1.88557
-0.40831
0.023895
-0.583918
-1.32692
0.0354578
1.19466
-0.759027
0.202454
-0.292277
-0.38583
-0.0908933
0.11298
0.474451
-0.535812
1.31529
2.06865
0.924713
2.61676
1.51995
-0.227973
0.76613
-0.0594441
-0.444455
2.57216
1.66433
1.63014
-0.200617
-1.31423
2.43814
1.59288
0.374224
-2.09514
2.04347
-0.866708
-1.95681
-1.30011
-1.37492
0.04753
-1.29955
1.58378
-0.200098
0.890363
0.385741
-0.416642
-0.55061
1.46056
0.157087
0.458976
-0.431572
0.191296
-0.853823
-1.21479
-0.991061
0.668194
1.57935
-0.688992
-1.41709
-0.225187
-0.347181
1.42254
-0.10381
-0.959149
-0.301346
-1.36858
-0.608971
0.156281
-0.164127
0.316412
0.830071
-0.388411
0.721959
-0.0285121
-0.138826
-0.65885
0.0295992
1.13542
1.68395
1.01951
-0.130157
0.85327
0.890612
-1.0758
-0.150748
0.205
0.536923
0.4708
0.469671
0.541584
0.546907
0.479795
0.540846
2.68566
-1.33484
-1.20309
2.04187
1.57032
-0.825405
-1.7139
-0.388876
-1.36175
-2.02058
-0.873808
0.426398
-0.49656
-0.61083
-1.21427
-1.0286
-1.45189
1.75433
-0.717684
1.44306
-0.261684
1.68615
0.0902308
0.268284
-1.04438
-0.383794
-1.3956
1.54364
-0.061359
1.7422
1.92398
0.528472
1.32219
0.871018
1.18033
1.2087
-0.860391
-1.2139
1.05857
0.884063
0.584986
0.442922
1.62625
0.544598
1.69406
1.80259
1.62605
-0.0954366
1.61257
1.84471
-0.409631
1.18617
0.801145
1.29062
1.49567
1.40822
1.08575
1.49212
0.652475
1.42101
-0.806988
-0.129643
1.04313
0.913429
-0.487767
0.590717
0.421999
1.37843
-0.377279
-1.31058
0.961532
1.16912
-0.296084
-0.661937
-0.325692
0.0237253
-0.75746
1.01474
-0.331531
0.681785
-0.0365902
-0.683545
-0.206386
0.524778
0.790069
-0.165983
1.72744
0.799684
0.25578
1.26236
0.919899
0.361966
-0.10514
0.437431
-0.0640009
0.584305
1.05864
0.328543
-1.01326
0.00713428
-0.946166
-0.569946
0.802808
1.15624
2.402
2.20453
2.41724
1.42508
-1.45654
-0.366941
-0.593387
-0.0516872
1.52443
1.80032
0.730079
1.11411
-0.698683
2.26732
-0.414932
1.13837
1.02788
2.55251
0.631611
0.124749
2.51298
1.60203
1.92235
1.724
2.86492
1.62356
2.73438
-0.899612
0.753313
1.15798
0.564503
-0.904058
-1.24214
0.503617
-1.12089
-0.808034
0.0971813
1.38348
1.51144
0.672446
0.567198
1.72287
0.594864
0.308908
0.807661
0.733119
1.55011
1.59054
0.315171
1.27804
0.22667
1.92664
1.37862
1.70927
1.1664
-0.13181
0.749976
1.67261
1.31835
0.563827
1.04972
0.670009
-0.120599
1.15996
1.93123
2.36654
1.26953
1.44592
2.70964
2.04903
1.63551
0.68913
1.0248
1.3212
0.583462
0.033916
-0.413649
-0.72404
1.45751
0.39639
0.126003
2.63673
2.3575
1.32056
1.31568
1.72317
1.3531
0.708062
1.43698
0.93181
1.13386
1.00986
2.09911
0.91337
0.572642
0.669868
1.07461
0.326962
-0.669013
2.34427
1.87673
0.827148
1.847
-0.518904
1.70067
1.52332
1.49281
0.303785
2.26647
2.33821
0.899438
1.10046
2.20973
0.770999
0.000119186
1.71438
0.34493
0.837126
0.814125
1.00059
0.528792
0.423049
1.78645
1.71463
1.54087
1.15752
0.667392
1.68037
1.14231
0.839191
-0.569433
2.04858
1.0252
1.6598
1.49691
1.84339
1.59447
0.765934
0.634257
1.60636
0.865423
1.44468
-0.160687
1.27301
2.27925
2.32348
1.83315
-0.336611
1.01744
-0.297064
1.50008
0.228735
-1.42063
0.674465
0.655987
1.17584
1.17043
1.842
-0.785563
1.51574
2.95993
1.56363
1.57449
2.03905
1.1536
1.40776
2.28012
1.29817
1.8057
1.70673
1.88447
1.19106
0.669846
1.55125
-1.37871
1.3682
0.98423
0.989372
1.84486
1.72834
1.88795
2.55324
2.31243
0.145212
1.04674
0.32635
2.09275
1.73827
-1.49619
1.95161
0.0473904
2.2434
0.845161
-0.0365327
0.266666
0.913841
0.879631
0.949653
1.35961
1.69111
1.13638
1.06614
1.50895
0.305971
0.69676
1.44846
1.33
1.67378
-1.13992
-0.365679
0.330959
0.644039
1.70394
1.18719
-0.538264
2.36022
1.8196
1.73779
1.75355
0.592382
2.11138
0.596585
0.658962
1.16469
0.645394
-0.220672
1.08049
1.36432
0.99011
-0.0346103
-0.144463
0.269364
1.45796
3.09004
0.597846
2.51794
0.85081
0.90285
0.771567
-0.194106
0.881499
0.514149
1.74262
1.14226
0.145186
0.893538
1.70844
0.348224
0.88453
-0.0214132
1.84043
1.19861
1.28195
1.09094
1.53949
0.768327
1.00519
1.49314
0.835352
0.868496
1.41576
1.75652
1.76955
1.85771
1.87457
1.85647
1.19428
0.209291
1.88128
1.01341
1.89406
1.42871
1.37733
0.709602
-0.0356132
0.903634
1.3008
-0.647596
1.21302
1.36232
0.662515
-0.407896
1.30026
1.77736
0.116107
0.209984
1.02219
0.81807
0.666994
1.15269
-0.352606
1.13189
1.00942
0.804757
2.9703
1.29098
0.905898
1.87421
-0.183568
1.75785
0.422731
1.993
-0.535983
0.892174
1.90761
1.52252
-0.724666
0.658014
1.65314
3.07187
0.795043
2.03292
0.322547
0.0334135
1.76563
2.00776
0.433164
1.33931
1.87266
-0.832693
-1.15693
0.960558
-1.64294
-0.145718
2.53996
1.04353
1.46449
1.36182
0.151557
0.909257
2.14788
2.23045
1.69006
0.279332
0.934137
2.37046
1.41517
1.93483
0.986678
1.34364
0.315373
0.780915
1.61766
0.810372
1.9391
1.68812
1.04797
0.675861
0.0579158
1.41976
0.87121
-0.101041
0.608694
0.297092
0.709962
1.80845
0.855496
1.89395
0.488976
2.00302
1.30328
1.78999
1.77727
0.945876
1.37294
0.10119
0.299904
1.52455
0.432503
2.03375
2.46001
0.502181
1.81053
0.889366
