0.592303
-1.44223
1.33646
0.0407639
0.109008
-0.586204
-0.692092
-1.23512
-1.27865
-0.442772
1.23608
0.671394
0.160515
2.71255
1.69207
-0.701762
0.695819
-1.05018
0.968597
-0.62042
0.010832
-0.354333
-0.817519
0.226821
-1.00264
1.20176
1.84398
0.677104
2.47695
2.60045
0.879174
3.97528
2.06906
3.50288
3.5384
-2.05701
-3.64514
-0.344486
-2.44845
-3.06794
-3.26747
-2.05506
-2.72335
-1.23085
-1.95689
-0.843674
-2.0792
-0.984086
-2.12263
-1.14284
-1.42844
-1.97371
-0.622091
-1.7234
-1.58561
-1.25914
-1.03748
1.70645
-1.45492
-1.85479
-0.663988
1.72024
3.31757
-1.40069
-0.283098
-0.625518
3.97759
2.43645
0.359382
2.66644
1.90217
1.47126
4.61536
2.88329
1.76026
1.24974
1.51821
1.43871
3.83601
2.37965
2.63353
1.19204
1.58029
0.512142
2.80109
1.54634
2.39805
0.385434
1.35745
-0.132617
0.168339
-1.69826
-0.968915
-1.17316
0.428932
-1.59696
2.77431
3.03121
-2.32788
-2.77393
-1.26936
-1.9823
-0.592317
-0.684182
-1.85451
-2.0089
-0.883346
-2.72406
-1.01694
-2.30175
1.20165
-2.1963
-2.82793
-3.18584
-2.34487
-0.964358
-0.836969
-2.88297
0.271201
-2.52509
-0.484859
-3.3312
-0.511623
-0.37187
1.116
-2.91453
-0.838039
-0.533447
2.62681
3.31259
-2.11452
-1.19005
1.10812
-1.58667
-1.95441
-3.63748
-0.515189
-0.696769
1.22861
1.79072
0.786343
0.42963
0.0712402
1.59724
2.19541
-0.281978
-2.88437
-2.49982
2.51002
3.35554
3.44955
-0.511991
-1.04335
0.550433
-0.966346
-1.85583
-1.71827
-0.395038
-0.0743228
-0.521361
2.16111
3.52451
-1.05998
-1.77075
-2.36017
-2.10695
-1.82274
-1.41393
-0.953636
2.36959
2.34079
-3.31174
-0.19083
0.547965
-0.85225
1.06074
1.56081
-1.03466
0.0605912
0.276078
0.491112
-2.25542
0.841309
0.0195853
-0.404744
-0.393941
-0.915576
-2.06941
-1.15449
-0.203358
0.139725
-0.075666
-0.123822
1.79004
0.677526
-1.21986
0.624518
-0.0249748
0.257309
-0.378896
-0.812908
0.82921
-3.03322
0.570179
1.72675
1.70356
1.35205
2.33162
2.44301
2.65504
0.214728
4.30763
2.64387
3.34331
3.79112
-2.21582
-3.41798
-1.24701
-3.25819
-2.01216
-2.90042
-2.7346
-1.6855
-0.951254
-1.23734
-0.973763
-0.942955
-0.402868
-1.89644
-0.435302
-2.04999
-2.69261
-0.44503
-1.32243
-1.60745
-2.49696
-0.812702
1.62209
-1.24929
-1.60308
-0.315862
1.82199
4.36302
-1.62525
-0.53303
-0.538543
4.26067
1.70013
0.522442
2.216
1.92297
1.25743
4.46721
3.02862
0.86199
1.10671
1.71313
-0.0448499
3.74565
2.92857
3.6736
2.25397
1.74512
0.646222
2.91788
1.84052
2.25184
-0.20366
1.04677
0.260622
-1.11964
-0.904474
-1.7782
-0.35427
2.56745
-0.805941
1.00543
2.37599
-1.25266
-2.57862
-2.95246
-2.83791
-1.70766
-0.587111
-2.24165
-2.00079
-0.210965
-0.892031
-0.889678
-1.40298
0.602627
-1.15573
-2.10965
-3.83716
-3.48443
-1.65407
-0.670056
-2.31906
-1.06486
-2.38702
-0.0192757
-2.39941
-1.28255
-0.564054
0.744107
-1.97114
-1.60457
-1.05063
0.793856
2.75878
-1.21723
-0.143562
2.21698
0.964435
-1.23564
-1.7542
1.16236
-1.18359
1.85198
0.648334
-0.755242
-0.234675
-0.481248
2.37177
3.02837
0.200726
-3.02409
-0.378474
4.45386
3.31534
2.72305
0.631809
-2.16697
-0.295086
-1.35185
-1.33219
-2.19418
-0.82395
-1.2299
-0.698627
3.15666
2.87755
-1.79044
-2.13969
-1.83846
-2.06566
-2.37093
-2.15482
-1.75465
0.744103
3.87559
-2.50332
0.505905
0.0431255
-1.09656
-0.168165
2.28027
-2.53111
-0.175952
0.121362
-0.800605
-1.10571
-0.872877
-0.17231
-0.565342
-0.562386
-1.17509
-1.23418
-0.649977
-2.57013
-2.84139
0.538485
-1.21273
-1.46731
-2.55821
-0.992565
0.636664
-3.18969
-1.48323
0.076204
-1.39558
-0.186749
-1.66323
-1.34773
-1.5793
-1.7584
-1.67888
-0.677584
1.17506
1.36549
-3.55064
0.786513
0.323816
-2.11378
-0.808189
0.2948
-0.479558
-0.318404
-0.979477
0.813154
0.472119
-3.26
-3.16469
-0.582208
0.121917
0.600586
-2.60051
-1.38681
-2.41515
-1.52072
-2.50808
-2.40913
-0.0538876
-1.78556
-0.419715
-0.194187
-0.458836
-1.20669
-1.51558
-0.10867
-0.940598
-1.08962
-2.03599
-2.55703
-2.19701
-1.23896
-1.26612
-1.44498
-2.19464
-1.37166
-3.93798
-2.92168
-3.12807
-1.86903
-3.90221
-1.62028
-3.58376
-3.24634
-0.67495
-1.63004
-0.842153
-2.0802
-0.793606
-3.77439
-1.54112
-1.33089
-1.82701
-3.30217
-2.60101
-0.945259
-0.573332
-0.241022
0.118049
-1.938
-1.70349
-0.763592
-1.44921
-3.98197
-0.680192
-2.70219
-0.450596
0.139841
-3.1237
-1.17086
-1.67946
-0.353111
-1.62504
-2.31955
-1.03467
-2.82031
-2.54941
-0.32694
-0.97715
-1.25127
-2.04494
-2.36031
-2.71852
-1.51304
-1.55859
-1.35919
-0.890322
-0.111486
-0.276226
-0.76794
0.203962
-2.78727
-1.66998
-1.29991
1.81409
0.254864
1.58335
-3.22892
-3.93439
-0.0434762
-3.64304
-1.9829
-2.62337
-1.8294
-1.82769
-0.696106
-3.35714
-0.739771
-1.68238
-1.5938
-1.29314
-1.30398
-2.19162
-2.1235
-1.18578
-0.844892
-2.05572
-1.80076
-2.39871
-1.45132
-1.26055
-1.06386
-2.54261
-1.76078
-3.07862
-1.301
-0.88048
-0.713958
-2.44136
-0.386649
-1.84115
-2.54495
-4.33294
-3.57523
-1.27424
-2.59683
-3.90229
-2.41453
-1.86716
-3.40254
-4.20545
-2.00967
-3.37061
1.25939
1.17657
-1.98039
0.0893455
-0.671501
-1.07819
-2.48867
-2.82585
0.513456
0.740403
-1.63332
-3.75203
-3.79323
0.202308
-2.28431
-1.04415
-1.96445
-0.48215
-1.05978
-0.250222
-1.94102
-0.772435
-1.58848
-0.599271
1.53269
-0.623342
-0.936756
-1.59124
0.161532
2.20366
1.83513
-3.0829
-3.42601
-1.20287
0.377869
-1.86705
-0.420392
0.149912
-0.960561
-0.74962
-0.552201
-0.518964
-1.25434
-0.665399
0.110498
-1.13822
-2.32863
-1.65573
-0.876574
-2.11263
-0.728432
0.27833
-0.473928
0.578946
0.112866
-0.284397
-2.29062
-1.51293
-2.36563
-3.45197
0.205839
0.357294
-0.481382
-0.231139
-0.431554
-0.908069
0.385173
0.594409
-1.98772
0.639316
-1.05892
-1.42543
0.496789
0.294697
1.17389
-1.95064
-2.13264
-2.34786
-1.18884
-2.00085
-0.416472
-1.44542
-0.410099
-1.61043
-1.21177
-1.28797
-0.806134
-0.890804
-1.9878
-1.45463
-0.364942
-1.06007
1.33988
-0.458973
-0.581193
-0.581485
-0.355262
-0.0565169
-1.6929
-0.791158
-1.67111
-0.866848
-2.05394
-1.15327
0.93265
2.15876
0.129832
-1.44965
-3.15367
-1.54933
-0.403385
0.391713
-2.30411
-1.34386
0.643606
-0.492079
-3.02632
-1.18606
-1.67098
-1.72301
-0.584269
-1.75418
-1.58989
-1.70652
-0.982001
-1.04688
0.70602
-0.126111
0.865885
0.214246
0.0192109
-2.79175
-3.80854
-0.332687
-1.24819
-0.921982
-1.64132
-3.01817
-2.1787
-1.37447
-3.24021
-3.11092
-3.39917
-2.85768
-0.598805
-1.41792
-2.49258
-1.46166
-2.03469
0.538263
-0.721756
-0.793009
-0.50371
-1.42234
-1.79455
-0.685287
-0.792015
-0.633421
-0.658635
-0.922587
-1.68315
-2.01218
0.333985
-0.911336
-1.28644
-0.500773
-0.546026
-0.292504
-2.0243
-3.40763
-2.60254
-2.32613
-0.722557
-0.942461
2.18114
-0.150816
-1.80075
-2.16898
-1.3931
-0.904427
-2.0622
