-1.0018
2.23423
-0.230169
-1.86623
-0.359808
0.210404
-0.694336
1.63748
1.45015
1.97651
1.43414
-0.925872
-0.748804
-0.00710306
0.447836
0.61966
2.33765
2.513
0.765365
0.922802
0.360161
0.123742
0.321455
-0.451336
3.0207
-0.394784
-0.909433
1.35846
-1.86425
-1.47897
-0.163634
-0.998589
-1.03053
-1.78915
-1.78218
0.786979
3.25364
1.56689
2.67836
3.21446
2.89339
2.28325
2.54114
2.10807
1.40752
1.11539
2.51285
0.752219
1.90339
1.66853
1.5273
1.78524
1.41372
1.4306
1.42144
0.806149
1.76731
-0.367769
2.04324
3.38359
-0.296878
-0.572054
-1.29793
0.348827
1.20505
-0.36538
-1.47705
-1.24575
-1.56164
-1.66816
-0.813663
-1.61363
-0.699135
-1.61035
0.122556
-0.275616
-1.75225
0.876207
-0.496523
1.03306
-0.984364
0.073404
-0.881063
0.49753
-1.50598
-0.386917
-1.26787
-0.431754
-0.757455
-1.84101
-0.35048
1.59025
0.586919
0.452524
-0.296474
1.80739
-0.453569
-0.977354
3.09436
1.8288
1.28548
1.93997
1.58547
0.774507
2.51288
2.03735
1.15445
3.28588
2.26986
2.15965
0.372649
1.22426
2.76152
2.95045
1.7947
0.574228
1.63879
1.59016
0.884153
2.6737
-0.454015
0.888869
0.762386
0.35377
-0.907277
1.244
0.0337361
1.57634
0.435422
-1.21919
3.27822
1.59162
-1.29724
0.265699
0.682161
1.78136
0.0915057
1.53049
0.222613
0.315541
0.896864
0.411663
0.234346
-0.310116
-0.767216
1.1704
2.50367
2.45704
-0.20803
-1.43257
-2.75028
0.650022
-1.40371
1.2415
-0.0983171
0.896334
2.99525
0.0143043
0.784627
-0.0340927
-1.4917
-1.58039
1.16343
0.744284
0.7641
1.92052
2.17482
1.46243
2.84498
-1.55739
-0.589596
1.92585
1.41376
-0.802653
0.351984
0.0634501
-0.472088
2.78177
1.36601
0.669189
-1.2442
2.62276
-0.637725
-1.37531
-1.02595
0.149155
1.10438
1.11219
0.669201
0.67813
-1.28113
-0.667533
0.0463461
-0.066027
-0.59298
1.62522
1.76496
1.82755
-0.231674
0.701199
0.470532
0.526011
2.24426
-0.708933
-0.705507
-2.94247
-0.46141
-0.424421
-1.2981
-1.8133
-0.436461
-2.05373
-1.9656
-1.65642
-2.58326
1.28201
4.00245
1.91597
1.99906
2.94902
2.82262
1.49556
1.48178
0.934356
0.198835
0.283141
2.77755
0.847868
0.725443
3.01454
0.762933
1.76408
0.449507
1.98384
1.82458
-0.30694
0.297995
-1.50265
0.88307
3.08043
-0.144227
-0.218862
-2.01042
1.12672
0.398495
-0.182358
-3.59134
-1.86885
-1.70784
-1.90538
-2.33292
-2.37579
-2.76061
-2.96569
-1.53004
-1.46988
-1.99833
-0.0998224
-1.73779
-1.66722
-2.14161
-1.25996
0.947911
0.057802
-1.79521
-1.01176
-2.68775
-0.544158
-0.777402
-0.591932
1.61823
1.27556
0.811352
-0.603859
-1.84907
0.911926
-1.75273
-2.66481
1.03547
1.28516
2.60553
2.80006
1.4889
0.372852
2.32915
1.91893
1.39659
3.02991
1.69402
1.77521
1.04905
0.877185
3.31207
3.38606
3.58919
-0.319442
1.76411
2.53071
1.6292
2.09637
0.614821
1.69619
1.77941
0.0303855
-0.648674
1.40839
0.878616
0.55228
-0.177462
-1.71432
1.34259
0.448728
-2.23581
-0.491192
1.65553
-0.121598
-1.03893
1.41661
-0.787291
-0.130286
0.114312
-0.0763705
-0.374203
-1.14059
-1.24311
1.78244
1.67197
0.926364
-2.95047
-3.30609
-3.23204
1.05319
-0.179413
-0.340321
0.252697
1.59868
2.48897
1.25625
1.59414
-0.093064
-2.14949
-2.1918
1.65974
0.715896
1.22839
0.846556
2.41831
1.95073
1.65694
-1.91815
-2.6372
1.3203
0.778005
-0.906738
1.03199
0.313236
-1.68464
1.72725
1.69345
-1.45027
-0.420267
0.879849
1.09562
0.493656
-0.41516
0.386841
1.56328
0.695456
0.617037
0.596093
0.469422
-0.865694
-0.166374
1.25862
0.401199
1.22117
0.316363
1.52185
-0.32113
1.66481
0.536536
0.775984
-0.224395
0.802777
1.58951
0.0206878
1.60727
-0.764007
-0.617485
0.00428545
2.46337
0.257088
2.63386
0.354003
1.2411
-1.48788
-0.881459
-1.07063
1.74182
-0.207798
-0.348916
0.60095
1.35914
0.942282
0.891897
0.0400755
1.34745
0.285062
0.393806
1.35093
1.68949
1.33526
1.50447
1.42505
0.899844
0.607218
0.120163
0.578395
0.586356
-1.45205
1.32157
1.23379
1.15342
1.64592
1.40948
0.500726
0.192631
1.25373
1.93433
1.31663
1.3079
1.10289
1.82855
-0.389212
1.07578
1.00777
1.77799
0.99963
-0.138774
0.48308
-0.518529
0.287539
1.47155
2.75967
1.17338
0.700379
1.37393
1.92912
1.91324
1.05435
0.630869
0.541895
0.174746
1.98221
2.5314
-0.329157
0.849938
1.85082
-1.07073
2.57014
0.767762
0.160979
0.577493
-0.574498
1.15666
-0.251211
0.970449
2.84794
0.0852968
0.766842
3.09445
1.15892
0.620682
1.70751
0.0544406
1.43695
1.18817
1.99028
0.850017
1.03796
0.117335
-0.600856
0.0663833
0.816336
0.620662
1.74397
2.73289
0.722535
-0.148476
-0.245574
0.86141
-0.847877
2.5964
0.823455
2.06168
0.644961
-0.440199
1.72586
1.57646
0.867524
1.6669
1.23607
1.09949
0.601588
0.0528713
0.912416
1.49743
1.80018
1.63977
-0.173461
1.32637
1.5966
0.596949
1.50399
1.58267
0.741133
1.58486
1.21654
1.6321
1.59474
0.93681
0.772394
0.810933
0.0177547
0.887877
1.34324
1.02358
1.43538
1.60225
2.12392
0.930171
1.10603
0.541931
2.81308
1.16309
2.35049
0.656608
-0.666509
-1.12388
1.15672
0.464036
0.189803
1.92068
2.56569
2.82248
-1.15345
-0.689253
0.727622
1.24807
1.7335
-0.666724
1.32333
-0.480701
-0.199438
1.36382
1.04867
0.512531
0.53134
0.621049
1.15536
0.374151
-0.180616
0.940938
1.74591
-0.972129
-0.758418
-1.85078
-1.1097
-0.576487
1.06015
1.6152
-1.77709
-0.116713
0.567659
-1.05984
-0.642953
-0.342793
0.429917
1.02378
1.5292
-0.205438
0.139204
-1.10472
0.559949
1.43084
1.26977
1.05894
-0.0995571
-0.0673785
-1.33434
-1.04939
-0.763767
0.670646
0.795884
1.8276
1.0724
2.27835
1.85821
0.168381
-0.0743948
-0.964023
0.693239
0.719924
0.130056
-0.0867477
-0.250931
1.3331
-0.3633
-0.192095
-2.21517
0.746463
-0.55636
0.934891
0.873912
1.05772
1.33175
0.928375
-0.278025
0.697519
1.38486
0.313833
-0.503593
1.94614
-0.257462
2.18877
1.20802
1.02838
1.19159
1.83931
0.232842
1.0319
1.06151
0.942747
1.14789
0.909357
0.561587
-0.428473
0.573922
1.26118
0.661797
-0.984314
0.129517
-2.10093
0.703937
-0.187604
1.51058
-0.431928
-0.179434
-0.345962
1.13912
-1.2056
-1.2857
0.58141
1.08625
0.252798
1.671
1.49824
0.58165
2.68237
1.52732
2.51314
0.299965
0.816687
-1.08494
-0.553706
-1.20224
0.959832
0.871876
2.38245
2.03392
-0.68588
-0.381795
0.879138
1.77611
0.82297
0.548581
-0.707633
1.45508
1.37006
2.20546
1.6005
1.10807
-0.598046
0.607571
1.28606
2.13642
1.06561
0.0756107
-0.499337
0.401545
0.47817
-0.852694
0.715292
-0.245176
0.683611
0.844571
1.76199
1.46355
0.961243
0.0327667
-0.49867
0.453604
0.248706
0.122052
1.73464
1.43725
1.60556
0.857433
1.81085
1.5513
-0.322576
-0.77093
-1.14751
0.463099
1.12524
0.51541
0.19525
0.957638
