-2.40823
0.0627419
-1.17438
-2.59416
-1.62934
-1.65676
-0.620394
-0.0584686
2.05666
0.776676
2.3422
0.512176
-0.452949
1.17024
0.485288
-1.46245
0.91474
-0.506529
-0.940725
-1.43129
-1.85039
-2.03036
-2.72284
1.17885
2.70749
-0.655403
0.399582
2.35938
0.295661
-1.47135
-0.854695
0.921156
-1.68606
-1.06923
-1.95733
0.0460832
1.99557
1.99707
0.0970931
2.13206
1.57826
0.906991
2.22442
2.26105
1.25755
0.708074
1.34826
0.0203561
0.559177
2.06211
1.10433
0.889632
1.42323
1.33483
1.28265
2.21904
0.866107
0.339083
1.42058
3.02875
1.48781
0.929206
0.888655
2.69851
3.44528
-0.0733952
0.321193
-0.726456
-0.459311
-2.764
-0.507807
0.509183
0.81047
-1.0485
-0.321515
-1.26825
-0.384785
2.82504
-0.805607
1.91998
0.143039
1.60653
1.56404
1.75202
-0.856832
0.17077
-1.35123
0.556132
0.801637
0.242152
0.914796
0.529026
0.949484
0.854999
1.55972
2.16535
-0.203947
0.0259491
2.36466
2.67953
1.48933
1.61037
3.02996
2.07319
2.18349
3.29538
2.4342
2.75393
2.49386
2.2404
1.46755
1.48907
1.76989
2.70491
2.28956
1.49723
2.09897
0.799255
0.966819
1.14249
0.208966
0.388937
0.276932
2.72698
1.29854
0.408051
-0.794389
1.46431
0.274206
-2.23209
1.29205
-0.53147
-2.16057
-1.98359
-0.621855
1.10797
-0.892282
-0.686734
0.921213
-1.01976
-1.66865
-0.197233
-1.86271
2.43095
0.81973
-0.287938
3.20489
2.71487
1.95688
-1.49241
-1.49794
-0.641834
-0.543404
0.770525
0.285861
-1.20564
-0.419973
-1.21232
-0.720236
0.716283
-1.33402
0.326076
-0.143941
1.23433
1.85664
0.73499
3.15419
2.548
0.34076
0.574877
-0.199323
0.0597827
2.87122
2.16653
2.51053
-0.491232
-2.095
2.80562
2.55876
-0.188504
-2.18194
2.79678
-0.380656
-2.36513
-0.919112
-1.14675
0.100501
-0.137122
2.33346
0.628427
0.335396
0.587167
-0.764052
-0.192043
0.839305
0.121287
1.39098
-0.145195
-0.243219
-1.1766
-1.62475
-1.11049
1.21577
1.67961
0.288746
-1.64861
-0.154192
-0.326314
1.9501
-1.20949
-0.887924
0.364454
-1.85413
-1.00053
-1.27077
0.519262
1.93061
2.03002
0.633153
2.36527
1.9971
1.09684
0.126512
0.797696
2.24662
2.39085
2.24028
0.469631
1.05012
1.67204
0.152163
0.720092
1.28418
1.47469
1.71392
1.10327
1.35787
-0.354691
1.31922
1.73459
2.16309
-0.724544
-1.61908
2.01027
0.698878
-1.37639
-2.10571
-0.319576
-2.36085
-2.38548
-2.00646
-0.0238697
-1.51482
-1.50161
-2.44829
-1.80406
-1.76735
1.66715
-1.15675
1.10856
-1.13207
0.987012
0.891439
1.22949
-1.50316
0.627808
-2.30092
0.836705
0.785904
1.21424
1.43094
0.939607
1.56353
0.828229
1.12079
1.70924
-0.969447
-1.1092
2.0046
2.44332
1.70549
1.73476
3.13318
2.13228
3.07171
2.76365
2.49308
1.15847
2.82084
1.47347
1.55634
1.39311
1.20871
2.75599
2.99553
1.18135
1.70073
1.18183
0.487844
1.74291
0.56869
-0.178047
0.849596
2.46001
0.648684
0.556621
-0.683271
1.24011
-0.465531
-2.22383
0.89659
0.525438
-1.86486
-1.36399
-0.168172
-0.274773
-1.19017
0.921804
0.12424
0.578562
-0.215435
-0.200101
-0.30216
0.793475
0.660898
0.702855
2.15504
2.31887
-0.594318
-0.819002
-0.916681
0.55164
0.631185
0.817448
0.0826873
0.0829999
1.34962
-0.0425779
-1.00157
0.989651
-1.88184
-0.825736
0.671657
1.29876
2.87775
2.64481
2.56576
2.8754
-0.626609
-0.0639683
-1.58119
0.0744464
2.4893
2.17308
1.49032
1.10075
-1.65891
1.65949
-0.180646
1.02401
0.715487
2.49644
0.936384
0.738826
2.54628
2.64241
1.48675
1.71389
3.56871
2.28455
1.83565
-0.341216
-0.0826873
1.59563
1.0264
0.327819
-0.481805
1.15284
-1.17504
-0.367427
1.81811
0.846292
1.34606
0.755983
1.29417
1.00876
0.901352
0.271691
-0.112191
0.273592
2.1386
2.13181
0.354399
1.81131
0.484594
0.920621
-0.0826873
0.62789
0.656845
-0.36424
0.0869618
1.54638
1.52875
0.283769
0.872212
1.36023
1.15755
1.92069
2.49711
1.50805
1.97882
2.4735
3.02121
2.72903
1.62213
0.937201
1.57309
1.72757
1.31726
0.117821
-0.828574
-0.0543361
2.51705
0.231096
0.353301
2.45984
1.4797
1.3468
1.67722
1.74592
2.09627
1.46234
1.54391
0.109385
1.83166
1.05329
3.17944
1.19627
0.0740976
0.430573
0.960625
-0.0740976
-0.66829
1.91903
2.44199
0.8297
1.95235
-0.262774
1.84512
1.17251
1.5089
0.505556
2.22148
1.69935
1.30763
0.980627
1.80869
1.85048
0.699582
2.75788
-0.259401
0.631759
1.40006
1.54307
1.05196
-0.156029
1.97856
1.71637
2.12412
0.874454
1.54817
1.23979
1.69171
2.11133
0.74734
3.12221
2.02907
2.47197
2.30455
2.52443
1.09252
1.29215
1.39367
2.11647
0.352493
0.947213
0.815431
1.39705
2.51282
2.79156
2.27078
0.330573
0.820109
-1.03807
1.65166
0.697653
-0.660349
0.91403
0.0101781
0.147496
1.75056
1.94891
-0.636399
0.940325
2.40585
2.36542
2.26156
1.90088
1.37561
1.44277
2.59921
2.41786
2.76156
2.49424
2.79975
1.83678
1.66661
1.95834
-0.685903
2.21613
1.76417
2.0818
1.55493
0.0305342
1.21665
2.23738
2.54486
0.865238
1.6222
0.767287
1.87193
1.68486
-0.457785
2.60565
0.761979
3.06099
-0.159639
-0.460607
0.535599
1.98652
1.90565
1.30733
2.58474
1.79195
1.75893
1.35942
2.50478
0.494859
1.75316
1.38915
0.34969
1.56281
-2.09274
-0.965355
0.0635621
0.413444
2.41472
1.96869
-0.507398
1.58989
1.34296
2.65875
2.05058
-0.445508
0.641996
0.528879
0.555106
1.5289
1.35275
0.372399
1.52047
-0.0930059
1.82508
-1.27132
0.703813
-0.586504
0.928172
1.86988
1.06412
1.95744
1.84424
1.38098
0.357238
-0.802122
0.75838
-0.863182
1.8902
1.12873
-0.198933
1.55156
0.910574
0.0124655
0.517061
0.376413
1.9406
1.83746
2.39729
1.39509
2.39801
1.63481
1.54418
2.77298
1.74874
0.965517
1.74961
1.54154
2.77127
1.59976
1.71311
1.30178
1.70178
0.0498622
1.85046
1.21377
1.87206
1.22759
1.86747
0.70466
0.642884
1.09727
1.40039
-0.757969
1.35094
1.00689
1.91304
0.693029
2.17411
2.16164
0.885349
-0.286314
0.987432
1.57719
0.791085
2.05266
-0.591258
1.4083
1.73356
1.73572
3.56368
1.2062
0.972974
2.16225
-0.165689
2.26974
0.664185
3.18605
-0.372051
0.328766
1.24647
2.45212
-1.67107
0.0329807
1.0715
2.99599
0.65036
2.20413
0.77906
0.330102
2.03187
2.88548
0.876706
1.30935
0.735237
-0.142676
-2.16194
0.73379
-1.5933
0.923899
2.75964
2.27071
1.71327
0.910802
0.858617
1.26558
1.89024
2.08612
1.83246
1.48479
0.552767
1.74564
1.24228
2.05941
2.19761
1.63872
0.746507
0.964925
1.13114
0.357601
1.80892
1.24621
0.527849
1.59491
0.145017
1.77808
1.24395
0.374411
1.8535
0.134066
1.13012
1.75812
0.850512
1.45266
1.36792
2.39065
1.97283
2.52524
1.49037
2.05598
1.09423
0.678893
-0.214108
2.05304
1.07282
2.15086
1.42238
0.813743
2.25006
1.40687
