-0.667389
0.505326
-1.20363
-0.667623
-1.04778
0.399366
-0.214486
1.64644
2.36494
1.95939
2.01992
1.73887
-0.0682253
0.307297
-0.412178
0.689274
0.894811
1.18345
0.554362
-0.346499
-0.862268
-1.70158
-1.15186
-0.448672
2.1486
0.742562
0.20084
1.68222
0.184103
-1.16615
1.25728
-0.268995
0.113643
-1.34741
-1.82031
1.89721
1.83456
1.3889
0.877725
1.74193
1.75522
1.46867
0.915588
1.38525
0.649566
1.57787
2.46497
0.92176
1.60247
2.11999
2.59727
1.79649
2.32427
2.39768
2.03649
0.985938
1.96004
2.05145
0.803519
-0.250822
-1.8716
-1.02635
0.56778
-1.61739
-1.582
-0.00429943
-1.4684
-0.161118
-0.0825058
0.650304
0.718321
-1.60259
0.815122
0.907779
0.428327
-1.6954
-1.3548
1.1986
-0.326978
1.15198
1.40342
0.237021
1.40481
0.267009
-0.446293
0.312375
-0.0104929
-2.04787
-1.97813
-2.60822
-0.537728
-2.21919
-2.3454
-2.30941
1.41136
1.03028
1.08456
0.0290762
0.787942
3.04552
3.47538
2.27564
-0.271282
1.25533
3.38204
1.16816
-1.99406
2.59418
1.04457
-1.75785
0.747571
-1.76138
2.14639
2.19414
3.1126
3.19578
2.17801
0.174235
1.22289
-1.02044
1.30006
-1.28847
-2.17413
-0.922347
-0.772757
2.70012
-1.96403
0.373457
-1.97174
-3.31229
-2.21828
-1.90893
-1.83272
-1.49673
-2.15928
-0.0474465
-0.377094
-0.414284
-0.495161
-0.77014
-0.170539
0.431901
-0.268287
1.13822
0.347461
2.13277
2.72301
3.60432
0.600648
-1.06629
-1.69407
0.73301
2.06884
-0.395253
1.11681
-0.0717354
0.54403
0.486945
-0.391693
1.55401
-2.16818
-0.453392
1.07639
-0.19549
-1.54751
-2.00182
-0.828866
1.70031
2.89197
-1.87443
-1.74716
-0.353484
-0.890645
-1.18629
0.458539
-3.24191
-1.67764
-2.16218
-0.439179
-0.723635
-0.583554
1.20639
-2.0021
-0.909838
-1.19014
-0.133508
0.343826
2.46389
2.61269
1.23389
2.26137
1.34565
-0.0502207
0.224226
-0.430792
0.860397
0.826066
-1.51538
-0.109243
-1.28886
-0.5041
-1.84075
1.08765
1.01662
0.156561
0.751629
-0.0935532
1.08687
-0.719708
-0.95412
1.65216
0.414177
0.4184
-0.279089
-0.855372
1.227
1.92633
1.77771
1.50542
1.31674
1.45737
2.52928
1.08546
1.04046
1.6121
1.40767
3.39597
2.36333
2.2497
0.765323
2.33666
2.44307
2.58489
2.0555
2.50799
2.68479
1.63288
1.3356
0.92577
0.396382
-0.812469
0.494822
0.0420232
-1.78536
-1.57552
0.280712
-0.392342
0.394252
-0.160687
0.777859
0.788811
-0.778085
0.532947
3.1101
1.30354
-1.66508
-2.16671
1.71415
2.30081
1.41714
0.830445
0.663544
-0.233461
1.42369
-0.699683
0.189784
-0.0609942
-1.12321
-1.67043
-1.81284
-1.86877
-2.21979
-1.67233
-1.26727
0.805074
1.44113
0.639816
-0.525367
0.767788
1.26757
3.86395
3.07673
-0.204476
2.2336
3.08261
1.28738
-1.7799
2.45292
0.957636
-0.748903
-0.804861
-1.30552
1.83781
2.53606
3.17985
2.12629
1.96856
0.0820062
1.16092
-0.966028
2.34911
0.0240253
-0.906654
-0.746287
-0.91832
1.92358
0.232735
0.425623
-0.370815
-2.28272
-1.68801
-3.05795
-2.09269
-3.70936
-1.83501
1.00148
-0.612443
1.98623
0.827137
-1.82033
-0.757853
0.266218
-0.310196
-0.149012
0.254723
1.39005
1.93637
2.28864
-1.07377
-0.779212
-0.461154
0.399412
1.70745
1.55641
1.39772
-0.687756
0.903007
0.651072
-0.250695
1.69881
-1.62327
0.205324
0.825447
-0.615545
-2.56634
-0.57611
-0.150172
2.22712
1.88423
-2.89522
-1.33795
-1.62638
0.464486
0.681594
0.0748419
-2.11683
-1.96953
-2.05501
0.00191606
0.331257
0.416615
0.259035
-0.290524
-0.868466
-0.168952
0.777767
0.704003
2.70707
2.06948
2.08006
1.34042
1.13245
-3.20303
-2.21131
1.35557
-1.63161
-3.61412
1.88691
-0.804926
-2.36679
1.32353
0.860241
0.467794
-0.694906
-0.347281
-0.459149
-0.599171
-1.2581
-0.529575
-1.76559
-0.887762
0.271936
-0.410762
-0.289183
0.569766
1.96217
0.131142
1.20157
-0.314439
-2.08325
-0.390586
1.96222
2.26422
0.80251
0.562189
-0.964351
1.20664
-0.322215
1.39975
0.811365
-0.300897
2.24767
0.387484
0.804061
1.25521
1.29339
1.77369
1.35331
3.15132
0.611715
0.763159
0.398805
2.35037
-0.471754
0.425627
1.29342
0.908315
1.51185
-0.1128
0.627136
1.83321
2.6825
-0.850504
1.47152
1.98988
0.746414
2.76381
-0.432407
0.451914
2.25255
0.278469
1.34351
0.251999
0.834714
1.15252
-0.491606
1.53277
-0.294361
1.56502
2.01568
2.21061
2.10426
-0.424229
1.44387
1.69129
0.0372835
1.49896
-0.278889
0.18422
0.436948
-1.00771
-0.831386
0.343046
0.606304
0.594106
0.405716
0.974881
1.09744
0.270436
0.445062
0.825498
0.835297
0.357791
2.07723
1.37568
1.14768
2.87321
0.753762
2.90145
2.98214
-0.516475
-0.792227
0.399801
0.198919
1.38699
0.635938
1.85861
-1.32277
-0.722671
-1.07789
0.234515
1.14247
1.57633
1.16428
0.417869
0.66189
-0.0180911
1.14071
-0.590581
3.50012
0.652122
0.952553
0.71722
2.3867
0.669447
0.057243
1.75297
2.59902
2.35468
0.905903
0.987303
1.7532
1.44813
0.733742
0.233426
3.63104
1.38938
2.86187
0.779514
1.8307
-0.153786
1.43144
1.30314
1.56701
1.22841
1.5878
2.01368
0.745146
-0.83938
0.346482
1.50336
2.17313
0.954425
-0.169397
0.779772
2.24186
1.76837
-0.280875
-0.389285
-0.688449
0.718827
2.48158
2.44323
-0.212444
0.843882
-0.360837
0.0515053
1.37173
1.97496
0.351949
-0.397006
0.981873
-0.282408
0.550949
0.978449
0.960451
0.960483
0.284184
-0.275794
1.31092
1.6461
1.28292
1.35643
0.69922
1.6866
1.35798
-1.35913
-1.58153
0.142186
-0.111146
0.845095
0.774877
1.00525
-1.13095
0.397308
-1.04025
-0.676129
0.558927
0.246561
2.25967
-0.983216
-0.887469
-0.33188
0.188304
-0.241944
-1.38799
0.54584
-0.585573
-1.94454
0.392141
-0.244012
-0.93536
-0.397108
-0.828156
1.75738
1.83229
2.29772
-0.625728
-1.09994
0.364777
1.11037
0.748459
1.17325
0.883334
0.581118
-1.47975
2.01689
1.84965
0.298313
1.40694
0.138179
-1.60239
1.18024
0.541201
0.569135
0.668793
0.247546
1.18372
-0.256979
-0.612499
-0.462116
0.745662
0.114043
0.632004
2.20956
1.19444
2.04637
2.34707
2.59685
3.30884
0.232739
2.7434
2.92704
2.15932
1.81349
2.49664
-1.15818
-0.439623
0.744069
2.56064
-2.64738
0.127397
-1.02678
-0.333339
-2.47612
0.418443
-1.43918
-2.49297
-0.727428
0.0671685
-1.57822
-2.70313
-0.625003
0.700626
1.95348
2.08225
1.52398
1.62293
-0.498283
1.26119
-0.733205
2.03149
-0.0617076
0.943336
0.782017
2.25249
-0.111046
1.70653
1.404
1.35689
1.07085
-0.0569938
-0.273425
0.401954
1.79349
0.845566
1.46452
2.21456
-0.308537
0.344334
1.2569
-1.78891
-0.170212
1.42424
2.13819
0.200152
-0.324139
-0.474332
-0.19084
1.03345
0.315319
0.325472
2.82984
0.206628
-0.253424
1.98586
2.54477
1.1018
0.648013
-0.343115
1.97835
-0.73409
-0.363533
-0.177229
-0.447949
0.522178
1.7756
0.838529
1.37548
1.15684
1.70678
0.55142
0.633181
1.41847
0.21713
2.16559
0.233296
1.51444
