-1.55404
0.354837
-0.660702
-2.48688
-1.01443
-0.20036
-1.76371
0.69568
1.60442
1.11127
1.52678
1.0876
-0.126921
-0.921579
-1.0353
1.05384
0.999776
2.28135
0.614264
1.37467
0.631759
0.7421
-0.28203
-2.3109
3.33545
1.25127
-0.997163
-0.44086
-1.10575
-0.291336
-0.814349
-1.26957
0.0160929
-1.25465
-1.40867
-0.4491
0.735308
-0.703297
1.0549
1.30637
0.435717
0.293286
1.30376
0.269009
0.48454
1.12767
0.945773
-0.0215909
1.00326
0.142313
1.11864
0.425549
0.0449452
1.09628
0.609881
0.458972
0.224732
-1.02112
-0.282305
0.906848
0.685827
-0.459649
0.501955
0.586548
2.57619
0.656687
0.127735
0.648244
0.540679
1.17231
0.778327
-1.18115
0.630856
0.0651716
2.13136
0.0785101
-0.490229
0.235757
1.31243
1.29415
1.30969
-0.430994
0.079167
0.150279
-1.62158
0.437734
0.269394
1.37013
0.181076
-0.963108
1.60501
2.21031
1.77216
0.902158
0.221247
0.0723289
0.251389
0.513793
0.919027
0.417932
0.374619
0.891584
-0.568234
-0.186709
1.51995
0.195121
-1.21751
1.42227
0.45186
-0.319576
1.03644
-1.25271
1.25801
0.902043
1.24861
0.323844
0.935247
1.19946
0.191908
0.782216
-1.20472
-0.448811
-0.902474
-1.40814
-1.81249
0.14872
-1.6597
1.36747
-0.368413
-1.21761
0.593576
2.74286
-1.21077
0.245656
-1.61531
1.40093
-0.496114
0.913917
-0.807616
-0.197889
1.93718
-0.342126
1.30556
-0.149242
-0.452204
1.8596
1.39894
1.37502
-0.4048
0.243751
-0.764425
0.755193
-2.23832
-0.534969
-1.0315
0.822715
2.44967
-0.670343
1.21871
-0.949703
-1.05893
-2.6358
-0.0842388
1.44918
1.37617
2.58475
-0.615486
-0.0493401
3.63739
-0.440978
-0.329945
0.209213
-1.02874
-2.31093
-0.932426
0.379019
-0.536614
-0.174075
0.224155
0.513187
-1.63687
0.554966
-1.37849
-2.15133
-2.10178
-0.014394
-0.0337569
0.639244
1.07767
-0.00719698
-1.42995
-0.826238
-0.685638
-1.04056
-1.4286
0.959233
0.556715
0.527358
0.236415
0.974973
0.78696
0.34746
0.0543361
-2.36486
-0.479649
-0.224039
-0.725884
0.212652
-2.14907
-0.521726
-1.16627
-1.96943
-1.14249
-0.234766
-1.35098
0.204201
1.52429
-0.284499
0.538879
1.54726
1.06419
0.303102
0.867903
-0.0431819
-0.583291
-0.545689
1.76623
0.388671
0.908835
0.2598
0.301903
0.893662
-0.310448
1.56134
0.944867
0.201905
-1.32624
-1.35264
-1.14014
0.849566
1.60011
0.816067
0.634584
1.30919
1.68184
0.591258
-1.77491
-0.503038
1.43451
0.879056
0.528536
-1.19127
-1.36303
-0.461113
0.687451
-0.194855
-1.36366
-1.02469
-0.342882
-1.36422
0.402747
-0.596104
0.464528
-0.0740976
-1.91407
-0.855378
-0.260298
1.80742
-1.164
1.01626
1.01219
1.53353
1.79404
-0.427857
-1.28005
0.411686
-0.205087
-0.844651
-0.570782
-0.45031
2.05694
1.15207
-1.07135
-0.39093
1.19806
-0.531714
-0.832525
2.19113
-0.616958
-0.460438
0.578876
-1.36589
1.24407
0.610772
2.48677
-0.521328
0.670613
1.87404
-0.270545
0.443673
-0.801249
-0.163803
0.42822
-0.406779
-1.43656
-0.195121
0.12235
-0.658501
-0.352052
-1.01618
0.358397
-0.107955
-1.67952
-1.09812
0.104295
-0.38807
-0.0190414
0.983019
-0.520732
-0.399518
-0.0623278
-1.25354
0.0686549
-1.79708
-0.454775
1.06048
1.1071
-0.907678
-2.5864
-1.60099
-1.07636
1.40243
-1.07096
-0.237071
-1.49775
0.274584
2.15129
1.07844
0.663638
-0.599572
-0.663951
-2.25122
0.754265
1.59897
1.61784
1.18451
-0.973001
0.226569
2.17415
-2.85019
-2.35597
-0.760855
-1.5362
-1.27278
0.438149
0.39423
-1.11881
-0.553797
0.640621
-1.17818
2.24938
2.30796
2.99088
1.53727
0.737807
0.485769
1.50648
0.978016
1.07755
0.0321859
0.792919
0.46055
-0.0387569
2.06923
0.327344
1.4593
-0.165533
1.05844
0.322722
-0.972734
0.854149
0.940214
-1.00508
-1.41519
-0.268527
-0.36658
-0.793344
-1.54573
-0.627436
-0.692636
1.26293
0.51671
1.39221
0.171224
0.0643719
-1.10997
-1.12925
-0.913718
1.47329
-1.00391
-0.690349
-0.0655678
0.702596
-0.427917
0.554733
0.550935
0.398933
-0.217111
0.482504
1.2638
-0.826207
-0.427433
2.63257
0.14732
0.365377
0.378609
0.244494
0.273307
-0.622021
-0.809253
1.85914
0.55164
0.209213
0.537964
0.312361
-0.0394195
-0.0329807
0.614053
1.29285
1.05171
0.598664
1.15953
-0.17077
0.98191
0.908335
0.127125
1.12359
0.0758251
0.714036
0.649882
-0.465864
0.20229
1.14007
2.05852
0.356803
-1.18556
0.377718
0.927389
1.73729
0.0730415
0.350799
1.26784
-0.730691
0.232994
0.915647
-0.243326
-0.0278738
0.805446
-0.681143
1.17445
0.181789
-0.753405
0.256892
-0.51681
0.578831
0.158499
-0.489806
2.51532
-0.809285
0.0337569
1.70512
0.813743
-0.111728
1.70233
1.24095
0.791806
-0.198019
-0.268237
-0.129146
0.206472
1.87134
1.23495
2.55865
0.82429
0.560981
0.861919
1.25007
0.864909
-0.53225
-1.05446
-0.354618
-0.518212
1.6544
0.623603
0.835945
0.581333
-0.940076
1.83547
0.214471
2.18863
1.489
-0.34258
0.605016
0.960463
-0.455629
-1.41601
1.02048
1.05589
1.35909
0.0610685
-0.629581
0.930072
-0.0269287
-0.0305342
0.0697774
0.489753
0.385189
0.292224
0.71189
0.246604
1.18824
1.51836
1.90858
0.800131
0.523956
0.886316
-0.534485
0.550135
1.08607
1.50471
0.0639683
0.703997
0.289553
1.50855
0.221013
1.85265
0.469079
-0.470238
-1.77355
-0.194589
-0.102289
-0.458633
0.85771
0.887603
1.46184
-1.77326
-0.732198
1.13771
0.936411
0.919973
0.690086
0.999542
-0.0337569
0.374273
1.78185
0.327344
-0.467585
0.299145
0.174075
1.39947
0.500974
-0.135984
-0.0968259
0.735519
-0.366368
-0.252109
-2.3127
-1.50017
-1.76276
0.0557476
0.794357
-0.788737
-1.82781
0.0238697
-0.890827
-0.953398
-0.220544
0.171979
0.144121
0.961247
-1.28745
-0.515304
-1.45089
0.396523
0.2582
-0.199193
-1.06507
-0.591959
0.124032
-0.785211
-0.465809
-1.18802
-0.529516
-1.5769
1.47897
-0.0508904
0.775975
0.430031
-0.25252
-0.0482788
-1.05211
-1.224
-0.23827
-1.52724
-1.09063
-0.770693
0.314098
-0.77239
-0.987997
-2.36275
-0.111496
-0.870246
-0.767152
0.0557476
0.35043
0.153519
0.381132
-0.893314
-0.450827
0.601234
-0.351389
0.112191
0.555153
-0.221715
1.25592
0.666814
1.61041
1.16427
1.28084
-0.146439
0.355712
0.484005
1.524
1.04058
0.243964
-0.173329
0.901323
1.2688
1.77687
0.634339
-1.22728
-0.0761659
-2.05224
-0.0101781
0.545404
0.483737
-0.620436
-0.451172
-1.23422
0.280833
-1.01307
-1.89604
-0.595843
0.672389
-0.154863
1.16518
1.657
0.269874
0.984616
0.882399
0.895576
-0.494544
-0.314263
0.0619109
-0.191503
-2.13444
0.56075
1.31125
0.510199
0.766847
1.25313
-0.927669
-0.237071
1.09206
0.101526
-0.0482788
-0.947952
1.29144
0.718109
1.29682
2.14542
-0.919803
-1.04409
0.925527
0.0238697
0.73872
0.943369
-1.56848
-0.543357
-0.387469
1.03278
-1.07609
0.478134
-0.547822
0.113339
0.721244
2.34526
0.334313
1.01715
-0.206095
-0.514398
1.57628
2.26141
0.468361
0.386666
-0.0726861
1.70857
0.239463
1.75252
-0.297234
0.952254
-1.34305
0.388804
-0.214712
0.151652
-0.192851
-0.683271
-0.218894
