0.090465
-1.57281
1.40603
-0.0215909
-0.0854597
-0.58338
-0.712764
-2.01137
-1.04751
-0.662895
1.48227
0.915165
0.17077
2.23539
1.59195
-0.512531
0.588577
-0.945416
0.650679
-0.895432
-0.0493401
-0.510707
-0.818653
-0.123193
-0.967759
1.07099
1.87604
0.489859
2.40979
2.79275
0.643891
3.1887
2.11674
2.97025
3.03341
-2.66325
-4.16452
-0.869888
-2.78304
-3.59403
-3.71637
-2.20246
-2.99627
-1.44862
-1.83624
-0.659209
-1.90475
-1.18386
-2.4315
-1.52176
-1.86735
-2.48846
-0.968482
-1.79333
-1.71143
-1.45824
-1.86047
1.26387
-2.0693
-2.4547
-0.37226
1.74885
3.47194
-1.19428
-0.0278738
-0.974946
4.00128
2.43012
0.107233
2.83892
2.18503
1.56528
4.52975
2.91197
2.25921
1.08372
1.55723
1.45219
4.08377
2.37594
2.90625
1.08819
1.69103
0.600069
2.44469
1.41309
1.96002
0.830138
1.15684
0.184897
0.677709
-1.27103
-0.650161
-1.09931
0.727704
-1.7047
2.67807
2.39973
-2.38906
-2.86418
-1.10886
-2.07718
-0.884367
-0.656036
-1.68473
-1.92768
-1.27171
-2.51794
-1.06952
-2.532
1.39193
-1.86118
-2.79218
-3.23572
-2.20034
-0.874098
-1.18394
-2.68763
0.155197
-2.64644
-0.890914
-3.05475
-0.711307
-0.520732
0.880987
-2.74514
-1.00707
-0.583425
1.96488
2.84005
-2.13956
-1.18984
1.12049
-1.65844
-1.90277
-3.50881
-0.268527
-0.657871
1.0913
1.38994
1.3011
0.609838
0.311697
1.58239
2.42508
-0.230085
-2.89105
-2.54718
2.22199
3.90861
3.64612
-0.178917
-0.745916
-0.31319
-1.17708
-1.79254
-1.84194
-0.213381
0.12424
-0.742764
2.26767
2.88834
-1.35975
-1.67758
-1.89351
-1.60226
-2.12863
-1.62791
-0.93745
2.41791
2.315
-3.21819
-0.427796
0.418737
-1.38131
0.765273
1.45716
-1.70907
0.104543
0.265715
0.211675
-2.21184
1.21803
-0.0203561
-0.604587
-0.915944
-1.17209
-2.67413
-0.930281
-0.459987
0.0449452
-0.233771
-0.179062
1.65986
0.701673
-1.10571
0.523363
-0.206722
0.0359849
-0.459593
-0.848924
0.605145
-3.30635
0.243219
1.74674
1.94008
1.3244
2.44743
2.56523
3.06375
-0.0754828
3.85545
2.61269
2.83138
3.50924
-2.52148
-3.85918
-1.60551
-3.4444
-2.48815
-3.45552
-2.76615
-2.04192
-1.18762
-0.937671
-0.801766
-1.1217
-0.746959
-1.76916
-1.0118
-2.67535
-3.05605
-0.538879
-1.76339
-1.84811
-2.68571
-1.49253
1.54859
-1.46351
-1.99773
-0.0566691
1.93236
4.05448
-1.65355
-0.34114
-0.556761
3.77484
1.67454
0.53147
2.21763
1.92422
1.75679
3.84596
2.88525
0.77876
1.24079
2.07796
0.144301
3.56534
3.18396
3.9012
2.29402
1.65125
0.829481
2.58491
1.51558
1.91636
0.482772
1.03311
1.11958
-0.822399
-0.572618
-1.13637
0.139742
2.41996
-1.0258
0.699805
2.22183
-1.43174
-2.8209
-2.77047
-2.76112
-2.11034
-0.52932
-2.19889
-1.74322
-0.577172
-0.736435
-1.12314
-1.68606
0.83946
-1.16633
-2.20381
-3.71957
-3.33987
-1.53474
-1.08145
-2.34232
-0.734567
-2.34496
-0.115377
-2.4061
-1.37692
-0.772323
0.843698
-2.23134
-1.76283
-0.833116
0.838532
2.65335
-1.12047
-0.305401
2.42033
0.936799
-1.09051
-1.87645
1.26804
-1.43731
1.71248
0.600155
-0.963552
-0.0716093
0.090465
2.29478
3.04917
0.192851
-2.94749
-0.500818
4.41449
3.72413
3.19651
1.12996
-2.10881
-0.211185
-1.64133
-1.42289
-1.65412
-0.480459
-1.61256
-0.684882
3.15844
2.61448
-1.67584
-1.43784
-1.18192
-1.66228
-2.74783
-2.26111
-1.67236
0.947761
3.56675
-2.57635
0.119349
-0.14732
-1.38333
-0.222415
1.97673
-2.81135
-0.428099
0.379975
-0.272263
-0.393901
-0.342277
0.205087
0.182642
-0.0124655
-0.618846
-0.962811
-0.505146
-2.33178
-2.20307
0.706864
-0.684541
-1.13518
-2.11831
-0.644414
0.369256
-2.40762
-1.11897
-0.426947
-0.822525
0.342277
-1.22768
-1.58847
-1.87095
-1.77287
-2.03736
-0.833116
1.29567
0.888217
-2.74505
0.802866
0.44638
-1.75572
-0.611748
0.425549
-0.642642
-0.337322
-1.31429
0.26366
0.317298
-2.94849
-2.89581
-0.791609
-0.27131
0.472546
-2.9141
-1.78439
-2.48501
-1.8585
-2.6195
-2.4193
0.22113
-1.84935
-0.717784
-0.370237
-0.430513
-1.31668
-1.61041
-0.450079
-1.52493
-1.38856
-2.14939
-2.59756
-2.45621
-0.846323
-1.29193
-1.66248
-2.36582
-1.01938
-3.59855
-2.37678
-3.08034
-1.46238
-3.05989
-1.04947
-3.35012
-3.04841
-0.530933
-1.70616
-0.648484
-2.27045
-0.898195
-3.84838
-1.56566
-1.25842
-1.9114
-3.66025
-2.78661
-1.33177
-0.810822
-0.639933
-0.5278
-2.14541
-2.18786
-0.141948
-0.956863
-3.53738
0.0380829
-2.69296
-0.403967
0.141033
-2.72142
-0.563102
-1.65301
-0.343335
-1.37544
-2.33679
-1.17333
-2.7823
-2.67019
-0.549758
-0.918123
-1.4508
-1.74792
-2.23298
-2.8356
-1.82392
-1.7435
-1.51271
-0.537145
0.245867
0.329553
-0.210694
-0.23729
-2.8199
-1.77609
-1.1464
1.45022
0.0215909
1.2626
-2.24166
-3.64935
-0.0935611
-3.59527
-1.24206
-2.30405
-1.61459
-2.03877
-0.490229
-3.1381
-0.576678
-1.32809
-1.19471
-1.35329
-1.48334
-1.98088
-2.07116
-1.1099
-0.467696
-2.12322
-1.74898
-2.27308
-1.49749
-1.21447
-1.08093
-2.12512
-1.83949
-3.37627
-1.128
0.0697774
-0.111496
-2.27408
-0.553095
-1.87885
-2.61512
-3.68674
-3.11278
-1.43026
-2.10271
-3.67075
-2.49722
-1.29898
-3.23804
-3.49867
-2.3143
-3.05102
1.58068
0.737737
-2.02506
0.161574
-0.9891
-1.59986
-2.31905
-2.99876
0.275526
0.648884
-1.80042
-3.22718
-3.2836
0.396523
-2.14603
-0.756291
-1.6518
-0.191503
-0.823156
-0.24932
-1.49011
-0.754609
-1.55487
-0.323043
1.42844
-0.559686
-1.56584
-1.23227
0.47438
1.91126
1.50258
-2.5401
-3.04892
-0.710869
0.291069
-1.33683
-0.507909
0.017629
-1.08258
-0.413068
-0.360954
-0.561073
-1.19603
-0.770928
-0.15503
-0.61763
-1.88551
-1.46807
-1.30933
-1.64646
-0.375448
-0.0305342
-0.266688
0.933372
0.0690311
-0.372191
-2.50854
-1.50429
-1.92708
-2.77875
-0.227025
0.230984
-0.383976
-0.136175
-0.684143
-1.14176
0.100243
0.138998
-1.83071
0.533417
-0.913917
-1.3547
0.785706
0.104046
0.97192
-1.86199
-2.58799
-2.23479
-1.26177
-2.27882
-0.361384
-1.52743
-0.330494
-1.71882
-0.863873
-1.43242
-0.670149
-1.08525
-2.32453
-1.11722
-0.552016
-1.44927
1.00658
-0.615823
-0.640945
-0.773397
-0.98889
-0.376619
-1.82195
-0.480081
-1.38777
-0.0814248
-2.01047
-1.29787
0.485075
1.67919
-0.232883
-0.800001
-2.519
-1.4159
-0.482396
0.0287879
-1.74045
-1.06862
0.736928
-0.784748
-2.76015
-0.931034
-1.92624
-1.50602
-0.397437
-1.63122
-1.48868
-1.7904
-0.701895
-1.06855
0.450252
0.0994648
0.440743
0.191638
0.076843
-2.53617
-3.72945
0.341898
-0.684503
-0.564252
-1.05302
-2.9717
-2.10144
-1.40977
-2.60339
-2.57106
-2.81113
-2.99438
-0.659602
-0.877993
-1.68935
-1.23937
-2.44668
0.430754
-0.797046
-0.415133
-0.556994
-1.11181
-1.70228
-0.298364
-0.605872
-0.0667422
-0.805929
-1.19869
-1.79253
-2.1982
0.988943
-0.718723
-0.875107
-0.0124655
-0.673468
-0.640621
-1.76544
-3.23169
-2.40896
-2.58907
-0.854058
-0.76975
1.75747
0.345741
-1.79083
-2.16471
-1.53419
-1.18976
-1.8248
