0.314016
-1.5335
-0.56347
-0.158826
-0.846752
-0.802187
-0.564206
0.756977
0.136365
1.26552
1.31344
1.32896
1.82673
0.742694
0.445421
-0.927725
-0.949129
-2.5707
-0.313603
-1.20703
-2.73577
-3.01469
-2.92875
0.153012
0.0437775
3.80495
-0.297059
-0.882664
-0.23076
-0.969915
0.501801
0.703482
-1.58388
0.467585
0.0466418
0.502523
-0.216275
0.866706
0.140296
-0.472821
0.0999842
0.193922
0.256186
0.589194
1.42518
-1.38133
-0.133679
0.834796
1.25392
-0.191368
1.09092
1.58911
0.248904
0.146084
1.05957
1.53053
0.156029
-0.0160929
0.73986
-0.145729
0.621146
-0.491179
0.38276
-0.368975
-0.548437
0.60788
1.65194
0.402554
0.892922
2.12041
0.572845
-0.813584
2.31103
2.55056
0.838625
0.688883
-0.427917
1.00412
1.90367
1.76937
1.09691
1.32993
0.150795
-0.847119
0.127125
1.68745
0.619014
-0.466142
1.12086
0.222764
-1.39406
-1.22833
-0.587122
-1.40733
0.310114
2.09492
2.71837
1.86749
0.12424
0.768671
1.06083
0.40294
0.981236
0.78369
0.353374
0.989992
-0.0366976
0.7683
1.62722
-1.99203
2.42974
0.899782
0.63762
1.6423
0.378129
0.995952
1.8867
-1.08782
-0.532639
-1.39748
1.36683
-1.31335
-0.163645
0.482343
0.398609
-0.191773
-1.78862
0.276277
1.17374
-2.40539
-2.2181
-1.45369
-2.16924
-2.11655
-2.49433
-1.27311
-1.73872
-2.23278
-0.271405
-2.18294
-1.27297
-0.262774
-1.58566
1.34096
0.611875
0.330651
0.48202
1.73289
0.664653
-0.445072
-0.408939
-0.421696
0.726884
-0.482826
-0.0321859
-2.39087
-1.14007
-0.305231
-2.3095
1.27367
-1.34955
-0.213017
-0.974813
-0.284863
-1.05535
-1.37246
0.0571244
1.15526
0.0227588
0.632743
-0.105529
-1.89157
0.0538573
-0.210694
0.216992
-1.08744
-1.27087
-2.02663
0.895345
0.408242
0.316235
-0.102289
-1.28026
-0.732304
-0.176439
0.0726861
-0.333227
1.5211
0.944153
2.79244
1.66239
1.03185
1.30075
-0.622729
0.434586
0.734814
-0.635666
-2.29343
0.44221
-1.85674
-3.02454
-2.65994
-1.37898
1.02855
0.0305342
2.89847
-0.309613
-1.40482
-0.387736
-0.98889
-0.214592
1.06397
-0.685903
0.491865
0.155697
0.506836
0.173479
0.661172
0.599356
-0.55718
-0.952527
1.94632
0.998126
0.710359
-0.0737473
0.841127
1.08593
1.11039
1.01255
0.353521
1.97377
2.14451
1.34407
0.685071
1.32618
1.40118
0.521527
1.09411
1.47424
0.29408
0.507909
0.089602
1.34972
0.174669
-0.731081
-0.176292
2.47594
1.38018
0.63701
3.18647
1.44488
-1.1544
2.67151
2.56175
0.513238
-1.70811
-0.114927
0.898397
2.92818
1.21551
3.06096
1.37162
0.730052
0.88469
0.72959
2.37508
2.52266
0.205466
-0.289105
-0.51248
-2.27184
-1.39875
-0.163961
-0.404224
1.76482
2.147
3.30144
1.45983
0.462235
2.11123
1.17708
0.723577
-0.798963
1.72272
0.840417
0.831589
-1.55128
1.38441
0.706571
-1.18756
0.703518
1.1538
0.183773
0.264836
0.64046
1.59249
2.11828
-1.63046
-2.43209
-1.51087
0.606428
-2.74642
-1.54889
0.127329
0.0946619
-1.237
-1.35584
0.261489
0.97045
-1.49348
-1.71089
-1.18327
-1.66502
-1.97656
-2.8567
-1.64776
-1.13104
-0.467086
0.0215909
-0.939524
-0.565261
-0.268623
-0.291603
1.32533
0.802381
0.0101781
1.15964
0.96211
0.31352
0.715305
0.508266
-0.108195
1.47916
-0.325519
-0.963054
-1.18702
-1.20103
-1.00744
-0.747306
-0.311365
-1.46986
0.0321859
-1.26666
-1.22283
-0.989966
-0.229296
-0.474353
2.35669
0.273307
-0.741086
1.41121
-2.07692
-0.461225
0.394033
-0.358469
-0.51666
-1.61036
-1.41161
-0.449446
1.02004
-1.26383
-0.435063
-0.662817
-0.198281
-0.0373966
1.88614
-0.608647
0.252212
1.68455
1.35441
1.35098
-0.0394195
-0.969152
-0.165533
-0.722429
-2.12417
-0.290891
1.26734
-0.873623
0.298798
0.73979
-0.0952075
0.922733
-1.62097
-0.8058
0.106991
-0.145907
-0.809253
-0.811205
-1.57871
-0.533368
2.61675
-0.153519
0.581511
-1.16009
0.379087
-0.795939
1.33977
-0.319738
-1.01389
0.54111
1.48204
1.5502
-0.96273
0.0259491
0.880059
2.07473
1.88357
2.45151
0.987524
0.838192
1.40971
1.07133
0.921523
1.97255
0.88693
1.24121
0.899926
0.456765
0.901611
3.22007
0.848282
2.1112
-0.275714
0.356367
0.468803
0.778427
-0.684465
1.51195
2.19054
-1.17876
0.199323
-0.780723
1.83081
-0.310615
-0.411812
1.29977
-0.569828
0.173329
1.24714
1.28195
2.10139
-0.337014
0.230198
-0.58937
-0.0575759
0.707561
-0.16848
0.224617
0.471943
1.7891
3.88436
0.736294
-0.763339
-0.290267
0.215314
0.099204
-1.18416
0.167864
-0.352273
-0.361814
0.193119
-0.178482
0.327344
-0.150452
-1.47265
0.624994
0.0740976
1.23575
-0.942378
-0.707597
-0.247442
-0.263266
1.4951
1.34192
0.973854
0.855378
0.445973
1.14147
1.31462
0.0425779
0.601062
0.328056
0.4936
0.887515
1.76775
0
1.46796
1.84769
0.939331
0.889574
-0.861015
-1.17796
0.596104
-0.22907
-1.62649
-0.784881
-0.458803
-0.76157
0.805607
0.0954792
-0.260894
-0.437261
0.744124
0.765697
0.384852
1.02344
1.17119
2.32162
2.82189
0.792199
2.29969
2.27785
0.892747
1.34269
1.24089
-0.869441
1.25896
0.16522
0.0610685
-0.181076
0.177172
1.78198
1.2447
-0.0851562
0.55117
1.07602
-1.2947
-0.0471938
-1.68847
-0.32087
-0.633276
-0.475961
-1.10704
-1.61524
0.855954
-0.0701477
-2.2271
-1.0917
0.782581
1.30913
1.03123
2.3244
-0.680038
-0.151822
2.19275
2.16874
-0.840911
0.017629
-1.11568
-0.479487
-0.0471938
-0.485502
-0.370237
-0.166314
-1.16232
0.839274
0.231768
-0.785145
1.17901
0.221715
1.65641
0.283221
0.127125
0.0619109
-0.0425779
1.58837
1.22802
0.261489
-1.69571
0.357963
0.27768
-0.635237
-0.489012
-0.195253
0.350134
-0.888625
0.0694053
-0.163486
0.485822
-0.254665
0.0697774
-0.618427
-2.18419
0.379634
-0.546401
-0.014394
1.09893
0.306332
1.33173
-0.699842
-1.04466
-1.19071
0.0836217
-0.632907
0.802704
1.17712
-1.74607
1.08354
1.22225
1.96142
0.504119
1.47142
0.126512
1.13798
1.45221
1.52573
2.18556
-0.0278738
0.733082
0.924348
0.134837
0.497105
1.58866
0.443497
-0.521229
1.03911
0.556575
-0.691475
0.5981
-1.28969
0.560195
0.017629
0
1.66194
1.2101
1.75791
1.8784
1.44806
1.35008
0.820489
1.17931
2.28894
1.47653
1.76696
0.931424
1.83149
0.446496
0.0513968
0.513591
0.554826
1.70031
0.967785
-0.312776
-0.856348
-0.105774
-0.929513
1.31883
0.68779
-0.161574
-2.28917
-0.609881
0.15768
1.15621
0.103297
1.07959
1.47111
0.600501
-1.64682
0.0124655
-1.70924
0.735131
1.73842
0.740316
-0.286042
0.938031
-0.357311
-0.622896
-1.06149
-0.629622
0.622396
0.190282
0.382421
-0.0744464
0.842252
0.562688
1.56328
-0.393375
-1.75373
-0.11311
0.017629
-0.624952
-0.71847
0.733754
-0.889136
-0.681599
0.52252
-1.22083
-0.0503789
-0.00719698
0.477754
0.871081
2.00212
0.968402
1.82293
1.38807
1.70932
-0.969099
-0.445741
-0.947678
0.5053
0.285861
0.666464
3.27578
1.30402
0.686734
0.503296
1.82892
1.28001
0.973348
3.11198
1.41926
3.11208
1.29553
1.62106
2.21699
2.22811
1.87048
