0.123709
0.804283
-1.61071
0.468462
-0.241358
0.643652
0.75435
1.32618
1.5268
1.58372
0.710505
0.901222
-0.22821
0.083832
-0.143823
0.544185
0.222231
0.647829
0.222988
-0.123474
-0.700515
-0.273581
0.256023
1.41294
0.360684
-0.743884
0.148849
1.77131
-0.100732
-1.06254
0.840461
-0.747538
-0.845587
-1.35443
-1.61143
2.42271
3.04204
1.83983
1.09774
2.59811
2.89285
1.33573
2.31215
1.53855
0.565533
1.18761
1.64668
0.95014
1.51504
2.7369
1.52422
1.68209
1.90317
2.11316
1.65894
1.17293
2.48297
1.29958
1.78892
1.18674
-1.02325
-1.04061
-1.13868
-0.454912
-1.62189
-0.334531
-2.7375
-1.17439
-0.291599
-1.95339
-1.02112
-0.101297
-1.9474
-1.48944
-2.26621
-2.25912
-0.488315
0.527016
-3.21715
-0.501147
-1.3568
-0.341852
-0.126613
0.118882
-0.476733
-0.9524
-1.00157
-1.84788
-0.890423
-1.1014
-0.334454
-1.40379
-1.65858
-0.587977
0.845996
1.55096
-0.64912
-1.21675
1.73646
3.02402
2.65768
2.16994
1.42857
0.559012
1.99834
2.30924
0.755736
1.95054
0.78164
0.829219
-0.880905
0.155184
2.12517
2.31388
2.41376
1.62917
1.24794
1.1614
0.580466
0.483815
1.1836
1.0628
-0.420384
0.618933
0.392166
2.79352
0.171016
0.354898
-1.36378
-2.3477
-0.640507
-1.40106
-1.12265
-0.500216
0.531776
1.78629
0.305763
-0.195095
0.597266
-0.642915
-1.85455
-0.181629
-0.833025
0.458602
-0.595054
1.40679
2.9169
2.86081
-0.0699283
-2.89595
-2.47932
-0.0520068
1.95247
0.593938
1.47306
0.917078
0.625965
1.303
-0.202925
1.65569
-1.24535
0.208044
1.47448
-0.16812
-0.29448
-1.58114
1.35553
2.75195
0.740379
-1.91699
-1.85345
1.01745
1.25287
0.835612
2.52453
-2.06803
-1.56507
0.662232
-0.669787
-1.1308
0.19866
1.98225
-1.88738
0.374676
0.629312
0.397794
0.808766
2.12966
1.76568
1.00065
1.5031
0.99364
0.816547
0.0634041
0.291964
0.772987
0.781218
-0.614665
1.02343
-0.260821
0.248545
-1.22959
2.62629
1.79025
-1.16594
-0.922591
0.159813
-0.418622
-0.320985
-1.30538
1.51161
-0.735248
-0.498077
-1.37592
-1.47031
1.77497
2.50516
2.40772
2.06006
1.42388
2.84975
2.41206
1.41183
1.20052
2.06225
1.7661
1.45972
1.05682
2.14373
1.66007
1.89337
2.21834
1.781
1.64694
2.08041
2.5579
2.34812
0.653899
1.88025
0.955488
-1.22273
-0.864306
-2.41675
-1.66323
-1.82249
-0.18932
-1.63216
0.00663551
-1.13411
-1.03652
-1.2676
0.17037
-1.45283
0.705024
-0.362513
-1.10245
-1.98915
1.69936
-1.4056
-0.28702
-2.55276
-0.900358
-1.07727
0.00487405
-1.01258
-0.937229
-1.2861
-1.6866
-0.955099
-1.78979
-0.509046
-1.507
-1.16923
-0.645895
-0.470803
1.01721
0.430592
-1.3035
1.50138
2.53034
3.06499
3.30565
2.78688
2.20294
2.76664
2.22636
0.273089
1.14463
1.36529
1.95868
-1.51468
0.799396
2.14197
3.58665
3.12842
0.823195
1.08916
0.831094
1.37228
0.550573
1.56856
1.56942
0.0515495
0.306611
0.0863242
2.1074
0.471731
0.552384
0.143262
-1.60135
-0.506215
-1.12644
-1.64588
-2.41019
-0.53617
1.87256
-0.703803
1.57319
0.253966
-1.51487
0.156547
0.14499
0.135071
-0.649449
-1.61407
0.48778
2.07875
1.96814
-2.27083
-2.19129
-1.65827
-1.12263
2.23225
0.898292
1.77377
0.967345
1.16252
1.43786
0.931529
1.1929
-1.7893
0.249676
0.490309
-0.0414119
-1.09926
0.0114828
2.25566
2.54029
0.905869
-0.66547
-1.32441
0.747367
1.626
1.49046
1.11166
-1.26932
-1.56762
0.918436
-0.382995
0.656725
-0.537405
-0.33489
-0.915119
-1.35804
-0.585002
0.264923
-0.181744
2.04303
0.741311
1.83931
1.48891
-0.787788
-2.12249
-1.19823
1.26532
-0.927251
-2.02007
1.60002
0.0294473
-0.659185
0.647096
1.00556
1.90309
1.73834
1.44965
0.813247
0.837172
-0.268261
-0.847189
-0.690952
1.13493
-0.83557
-1.12084
1.11006
0.640963
1.93302
0.417992
0.706112
-0.120025
-0.792043
-0.355845
2.25657
2.13066
0.814044
0.62152
-1.02859
2.218
0.467192
1.48611
0.459039
1.3281
3.01076
-0.778226
1.56131
0.230712
0.870142
1.3769
0.818819
2.89008
0.528339
-0.351619
-0.553744
2.07247
1.09708
1.26366
1.15585
1.12552
1.48761
0.388061
0.407885
3.57172
2.04868
2.30059
1.76734
3.68094
1.17554
3.76555
1.95687
0.903355
1.25117
1.07846
0.197646
0.575413
2.05559
2.22861
0.623013
1.67627
0.291502
1.66685
1.9406
0.826714
-0.416532
0.313559
1.47601
1.22533
0.584226
1.43778
1.94308
1.43488
1.20317
-0.33647
-0.500466
2.16188
1.51637
0.967092
0.980875
0.956385
1.2926
1.00211
1.10351
0.881633
-0.203705
1.00644
0.996011
1.0367
1.51169
2.9492
1.59668
1.94852
1.59924
-0.754791
-1.08868
-0.567576
-0.321065
0.13035
1.33674
1.86635
-1.06321
-0.679995
-0.545262
-0.611984
1.89889
2.68813
1.41622
1.39226
0.612201
2.46387
2.00697
1.34248
0.944621
1.82985
0.651761
0.470829
1.56759
1.35527
1.54954
1.94472
1.98694
1.13266
-0.0424823
1.32929
1.28109
1.83747
1.32399
0.674379
2.47821
1.83742
2.12642
2.20802
1.43821
-0.314824
-0.016227
0.760754
1.11987
0.912382
1.648
2.76736
2.09621
0.657533
1.67871
3.32086
2.03093
1.30386
1.92286
2.94924
2.6197
2.77026
0.0958022
0.725993
0.60018
0.290926
1.36192
1.64287
0.340503
0.866356
-0.0461468
-0.556055
1.69577
3.53485
1.63991
0.236215
1.71422
-0.240667
1.27402
0.856921
0.572335
0.712747
0.162993
0.624211
0.867843
0.488238
-0.251375
0.90403
-0.0558613
2.2693
0.824889
-1.36388
-1.45643
1.57925
2.06162
1.00896
0.79741
2.87003
-0.471633
0.846844
0.605338
0.0205735
0.757269
-0.135605
1.84676
-0.177286
-0.230523
0.330379
1.33871
0.551423
-0.76526
1.86959
0.170561
-1.5773
0.938605
-0.39225
-0.0696745
-0.483929
0.641419
2.10462
2.1987
2.63382
-0.126988
-0.274645
-0.124389
1.32368
1.24047
1.36263
1.23959
0.265841
0.193755
1.09722
1.56191
1.47193
1.73066
0.0450169
-1.58859
1.75937
0.616699
0.365081
0.564706
0.29782
0.623355
0.645612
-0.470531
0.255791
0.606917
0.945453
1.11316
1.01148
1.40112
0.667464
0.689577
0.985314
1.44328
-0.287616
1.441
0.531243
0.535485
0.286599
2.05894
-1.12155
-0.366419
0.302325
1.65118
-1.42635
-0.167188
-1.19546
-0.521867
-1.53163
1.54957
0.887275
-1.26624
-0.267949
0.69157
0.683753
-1.63911
0.134926
1.53684
1.45927
1.31376
0.507276
0.0616012
0.556349
1.99206
-0.13978
1.89882
0.615458
-0.926621
0.240361
1.23581
-1.13231
-0.0534626
1.93745
2.1609
-0.443371
1.02358
0.406654
0.443857
2.01607
1.49993
1.88277
2.60786
0.873168
1.13773
2.25627
-0.25165
0.655828
0.81608
1.91182
1.56
-1.15988
0.646704
-0.363609
0.619995
0.295974
1.26434
0.904325
0.938804
-0.72904
0.73372
0.327556
2.44209
1.36988
-0.214844
1.78402
-0.421511
-0.898172
-0.189949
-0.497569
0.583428
2.12243
2.44618
1.09944
0.931468
0.136402
0.0751472
-0.210238
1.3687
0.838054
1.53521
0.774421
1.52765
