0.342428
-0.0610685
1.41447
0.174965
0.962002
-0.310615
-0.103797
-1.35426
-2.39768
-1.73007
-1.78971
-1.93045
0.11804
-0.66313
0.171979
-0.38887
-0.85662
-0.935496
-0.415756
0.462795
0.990451
1.49844
0.94602
-0.411434
-1.3099
-0.16848
-0.653502
-2.29611
-0.827038
0.378472
-1.46087
-0.275995
-0.251079
0.924517
1.43044
-1.99411
-1.85149
-1.67193
-0.593402
-1.74491
-1.86863
-0.771097
-1.10891
-1.18702
-0.253645
-1.44598
-1.96963
-0.700841
-1.22734
-2.33907
-2.18683
-1.48695
-2.4748
-2.11754
-1.56337
-0.867963
-2.23938
-2.22927
-0.839212
0.103797
1.69086
0.776108
-0.667047
1.25374
1.30398
0.45186
1.41336
0.135412
0.24407
0.0589099
-0.392913
0.648284
-0.329317
-0.564344
0.213502
2.15228
0.757969
-1.42774
0.992388
-1.00199
-0.693739
-0.228617
-0.908578
-0.202929
0.381472
0.0845456
0.0778475
1.83929
1.50112
2.0331
0.115377
2.42384
2.12566
1.97257
-1.23123
-1.08945
-0.849596
0.128342
-0.844958
-2.84649
-3.27478
-2.09799
-0.422003
-1.01044
-2.76661
-1.46054
1.18028
-1.89195
-0.810566
1.33053
-0.176879
1.65013
-1.4599
-1.55986
-2.53808
-2.9424
-1.77098
-0.159477
-1.35409
1.04397
-1.39571
1.05826
1.64316
0.121287
-0.101015
-2.64016
1.37621
-0.48726
1.53034
2.54166
2.28897
2.27889
1.57363
1.53007
1.69851
0.221715
0.385054
0.827603
-0.517211
0.629457
0.866527
-0.169858
0.456141
-1.19132
-0.398414
-1.87223
-2.6178
-3.02014
-0.740666
1.11251
1.43266
-0.343787
-2.39735
-0.0820585
-1.27288
0.167864
-0.0359849
-0.784186
0.190554
-1.63816
1.55921
-0.566589
-1.48222
0.555806
1.32908
2.37528
0.432135
-2.30117
-1.76429
1.56798
1.52347
0.538253
0.0203561
-0.014394
-1.34146
2.81631
1.58618
1.60962
0.518662
1.03002
0.215675
-1.42047
1.88555
0.412377
0.436964
-0.00719698
-0.638879
-2.00707
-2.60053
-0.873118
-2.34583
-1.25857
-0.399777
-0.434049
0.138998
-0.428583
-0.918038
1.13885
-0.511011
0.816321
0.396196
1.59956
-1.6812
-1.73709
-0.202929
-0.477483
-0.595016
-1.31411
-0.250149
0.360128
-1.89798
-0.818368
-0.662191
0.247965
0.388003
-1.33994
-1.51003
-2.02452
-1.27136
-1.30727
-1.67886
-2.18315
-0.887047
-0.829106
-2.08806
-1.61117
-2.47565
-1.83896
-2.25175
-0.831574
-1.8622
-1.93978
-2.44623
-1.54346
-2.19076
-2.39819
-2.25251
-1.51124
-1.20178
-0.208718
1.01613
-0.252725
0.323924
2.30454
1.92797
0.204455
0.1674
-0.690086
0.682246
-0.296448
-0.091603
0.0407123
-0.29975
-3.01083
-0.575463
1.47272
1.89906
-2.18286
-1.31922
-1.63979
0.123613
-0.335705
0.804608
-0.821405
0.645379
0
0.397437
1.3054
1.45881
1.63388
1.63646
2.16647
1.58813
0.951627
-0.927641
-1.13623
-0.671232
0.491179
-1.04301
-1.57968
-3.42616
-2.93382
-0.799158
-2.45323
-3.06645
-1.68357
0.96592
-1.72742
-0.917388
-0.0287879
1.25206
0.808098
-1.79185
-2.30914
-2.88769
-1.64927
-1.3424
0
-1.40965
0.808451
-2.59042
-0.287488
0.814731
0.176439
0.0394195
-1.84845
-0.158663
-0.582313
0.123823
1.67066
1.51203
2.43803
1.6305
3.50014
1.76744
-1.17322
0.505146
-1.70453
-1.31237
1.59649
0.503296
-0.105774
0.155364
-0.0518982
0.0503789
-1.09679
-1.76069
-2.32285
0.735025
0.52667
0.153687
0.0887307
-2.11011
-1.60999
-1.74605
0.283313
-0.87678
-1.08171
0.24807
-1.96594
1.02209
-1.22148
-0.800569
0.387001
2.31025
0.503811
-0.480944
-2.35669
-0.771366
2.21226
0.893198
1.23155
-1.30753
-1.63841
-0.391328
1.79659
1.65564
1.6134
0.463299
-0.639893
0
-0.163169
0.592965
1.09703
0.0737473
-0.690912
0.017629
-2.45789
-1.63951
-1.76099
-1.22911
-0.686583
3.13898
2.20331
-0.940614
1.52203
3.195
-1.29932
0.812084
2.20788
-1.28839
-1.41737
-1.06615
0.234324
-0.103547
0.153181
0.486355
1.02733
0.83187
1.26179
0.781619
0.0965581
0.486834
0.014394
-0.62632
-2.67998
-0.526768
-1.15248
0.627725
1.7146
0.251183
-1.89279
-1.98126
-0.77276
-0.724365
1.16167
-1.14986
0.491549
-1.3351
-0.369676
-0.171678
-2.47366
-0.106263
-1.20592
-0.648644
-1.49045
-1.86656
-1.07534
-3.36248
-0.770794
0.241938
0.76123
-2.43727
0.0533743
-0.652032
-1.25927
-1.07741
-1.40434
0.5711
-0.410678
-1.83617
-2.46631
0.101015
-1.32426
-2.24026
-0.832525
-2.87736
-0.0387569
-0.919944
-1.68172
-0.450942
-0.582847
-0.131531
-0.591521
-1.54726
0.33663
-1.52801
1.01317
-1.29618
-1.83623
-1.86694
-0.92262
-0.213624
-1.31938
-1.11214
-0.233105
-1.52845
-0.19815
-1.05476
-0.407797
1.30861
0.583913
-0.585288
-1.21447
-0.534775
-0.604416
-0.786498
-0.555619
-0.557738
-0.538205
-0.413068
-0.672659
-0.687225
-1.47121
-0.948636
-0.976077
-2.87791
-1.07308
-2.77231
-2.70329
0.85039
0.878495
-0.250666
0.124448
-1.07345
-0.128745
-1.44559
1.55534
0.292578
0.591433
-0.549475
-1.02862
-1.22133
-1.25331
-0.302075
-0.0631534
-0.511265
-1.16196
0.0269287
-2.6188
-0.712254
-0.983996
-0.0690311
-2.01649
-1.00102
-0.47694
-1.85974
-2.31912
-1.88836
-0.545641
-0.902992
-1.34861
-1.27148
-0.95059
-0.513944
-3.3947
-1.62028
-2.56752
-0.890623
-1.79231
0.0460832
-0.97232
-0.909776
-1.57827
-0.816321
-1.24426
-1.6851
-0.527309
0.380384
-0.440684
-1.70737
-2.16848
-1.19644
-0.0566691
-0.836193
-2.3329
-1.72206
-0.017629
-0.435717
0.324403
-0.89074
-2.23714
-1.99356
0.427129
-0.316071
0.176586
-0.0981542
-1.17625
-2.21339
0.0215909
0.1215
-0.747826
0.846077
-0.615023
-0.712145
-0.735801
-1.2543
0.111263
0.188779
-0.642642
-1.1891
-1.09402
-1.18006
0.0930059
-2.08071
-1.19771
0.927249
0.995065
-0.158172
-0.236634
-0.956212
-0.937007
-1.62083
1.20927
-0.854058
0.611451
0.597407
-1.27245
-0.187678
-2.32009
0.519661
0.683688
0.449791
-0.133873
0.2488
1.85436
-0.627147
0.410173
2.21987
-0.897125
0.13937
0.531665
0.686356
0.736646
-1.68467
-1.92087
-2.16077
0.485395
0.804028
0.144659
-1.57896
-1.13496
-1.39924
-1.47737
-0.797241
0.956808
-1.87302
-1.62571
-0.838408
-2.084
0.0101781
1.58311
-1.39591
-0.135412
-0.441682
-0.644374
-0.0817422
-1.2107
-0.232549
0.616538
0.0984178
-0.421143
-0.290891
-0.949101
-1.56335
-0.953534
-1.2182
-2.06297
-1.8129
-3.033
0.0419653
-2.67032
-2.022
-1.39049
-1.11809
-2.46034
1.23058
0.376275
-0.856045
-1.94195
2.42547
-0.30276
0.728416
0.122983
2.26751
-0.52366
0.902244
2.24911
0.551734
0.0924473
1.06383
2.27416
0.474079
-0.523214
-1.97265
-1.5156
-0.7314
-0.985643
0.313933
-1.54358
0.982068
-2.20953
0.126717
-0.195518
-0.669646
-2.20558
0.627023
-1.00419
-1.31503
-1.16978
-0.560103
-0.250873
0.0160929
-0.270928
-1.5328
-0.886989
-1.61172
-1.84893
0.517462
0.0781794
-1.38668
1.46927
-0.142494
-0.869769
-1.83968
-0.461337
0.615949
0.183209
0.0413435
-1.33705
-0.240327
-0.765595
-2.29672
-0.233992
0.51676
-1.5618
-1.48923
-1.62666
-0.705469
-0.193119
-2.34522
0.824919
0.479703
0.199583
0.563608
-0.129747
-1.36875
-1.12454
-0.844036
-0.849321
-1.12885
-1.06625
-0.242473
-1.09007
-0.176292
-1.89966
-0.366297
-1.18142
