-0.277604
-0.582882
-0.667556
-0.310167
-0.789528
0.0873613
-0.320284
0.499364
2.10166
1.23542
1.72342
2.40759
-0.575647
0.841371
-0.197469
0.754843
1.46571
1.811
0.949503
0.0891962
0.280179
-0.0991809
0.0200009
-0.0442985
1.01535
0.163419
1.33278
2.37878
1.88998
1.66332
1.14543
1.20734
2.00527
0.354813
0.0679934
0.493189
0.113267
0.821769
-0.199077
0.661697
0.384058
-0.70912
0.339357
0.0714515
-0.670047
1.62455
0.836361
-0.14751
0.0362938
1.2609
1.14994
0.0827593
1.73582
1.32061
0.192262
-0.102567
1.54873
1.79894
-0.629881
-0.675133
-1.01955
0.125521
2.04487
-0.870564
0.283077
-0.732243
0.147436
1.14328
0.0997441
0.849388
1.12194
0.462529
1.00661
0.819957
0.94888
-1.38315
0.209179
1.41773
0.362442
1.23504
1.09021
-0.0993056
0.482041
0.486898
0.140429
-0.0821761
0.695958
-0.391128
-0.885171
-1.48432
0.965643
-1.56989
-1.10846
-1.18605
0.916032
-0.0640767
1.25893
0.649376
-0.18617
0.619598
1.69893
0.618009
-0.253343
0.0771436
1.20144
-0.138426
-1.42063
-0.224376
-0.33285
-1.44887
-0.223864
-2.94856
-0.539929
-1.12955
0.532383
1.92961
0.550982
-0.417687
1.26813
-1.66295
0.0954149
-1.92563
-1.36423
-0.491533
0.401214
0.852224
-1.215
0.718548
-0.251475
0.124505
-2.31566
-1.31641
-0.355786
-0.987674
-1.72132
-1.0566
-0.262945
-0.336229
1.48904
0.868256
0.291034
0.11512
0.739649
0.707348
0.862376
1.72029
1.23908
0.629965
0.648688
1.04403
0.317735
0.499955
0.856697
0.4231
-0.0145706
0.216627
0.0780495
0.613076
1.22028
0.24797
0.128936
1.18349
1.21445
-0.944767
-0.8159
-1.77918
-1.34464
0.896354
1.04657
-0.465093
-0.149955
-1.67325
-0.387653
-0.0286526
0.514759
-0.807393
-0.393288
-1.28409
-1.07438
-0.863124
-0.247404
0.527196
-0.662362
-0.277021
-0.664809
-0.144014
0.222777
0.379628
1.72578
-0.356122
1.08219
0.417646
-0.0535425
0.734186
-0.626083
-0.146216
1.1122
0.00862957
1.08343
0.531773
0.610516
0.298075
1.0567
0.918298
1.02
0.662426
1.41908
3.07725
1.1661
1.52711
1.38574
1.43104
1.86868
0.953735
1.19439
0.145154
-0.502333
0.789169
-0.428512
0.92774
0.559893
-0.027612
0.145407
-0.192014
1.28499
0.846812
1.0569
0.754556
1.26958
0.201337
-0.0339053
-0.00613059
1.20775
0.54473
0.894945
0.41337
1.22768
1.19606
-0.256923
-0.577239
-0.355942
0.965502
1.06343
-2.13469
-0.758547
-0.41302
0.95537
1.19012
0.122937
0.658668
0.616896
1.04538
0.781266
2.61477
0.581966
-0.0572932
-0.568479
1.36134
0.935104
1.71382
0.462203
0.155451
-0.706916
0.15891
-0.0467692
-0.260611
-0.0977918
-0.355617
-1.03662
-0.0580174
-0.720289
-1.05325
-0.943624
-0.578602
0.850483
0.1514
0.223742
0.344932
0.0898052
-0.411103
1.44723
1.13127
-0.145896
1.15677
1.52575
0.21704
-0.43632
0.559681
-0.400271
-0.271631
-1.19363
-1.74073
0.715437
-0.223864
0.954027
0.230023
-0.110516
-0.310018
1.27847
-1.32558
1.76991
-0.235721
-0.463413
-0.112532
0.519424
0.693723
-0.186604
0.099365
0.0458554
0.378771
-1.1035
-1.19132
0.0706296
-1.94525
-0.995381
0.703088
0.6302
1.04964
2.14623
-0.402246
-0.110228
-0.379583
0.0759611
0.034489
0.701781
1.0725
0.22524
0.925935
0.411669
0.815337
1.00194
0.447712
0.514847
1.12795
0.731782
-0.00407614
0.954742
1.48928
-0.192548
1.37032
1.13311
2.13315
0.548158
0.204738
-1.4074
-0.87729
-0.613636
0.288674
-0.420918
-1.7099
0.0294908
-1.6771
0.931057
1.65675
0.205386
-0.720206
-0.208717
-1.94537
-0.521294
0.215355
0.357264
0.574442
0.216681
-0.275833
0.14283
-0.0686713
-0.680076
0.852825
0.0907799
-0.522304
-0.528193
0.549548
-2.08943
-1.29517
-0.672668
-0.458088
-2.28514
-0.828879
-0.817944
-2.55793
0.568105
1.57649
0.0322327
-1.08666
-0.59718
-0.796034
-1.66085
-1.46351
-0.606147
-0.388488
-1.81832
-0.750029
0.27942
-1.01046
0.304579
2.2504
0.315295
-0.411998
-0.752791
-1.45491
-0.587393
-0.428332
-0.378521
-0.0069704
0.497192
-1.01466
-0.91487
-1.95948
-0.602144
-0.621366
-0.984643
0.331297
0.260529
0.0521184
-0.834245
0.956426
0.623815
-0.420926
1.48322
0.165718
-1.63674
-2.1451
0.257498
-0.488504
-0.254301
-0.201774
0.139041
0.454576
-1.69977
-0.504714
-0.249677
1.12577
-0.961386
-0.186664
0.54287
0.217791
0.282447
-0.989838
1.28722
-0.205562
-0.489127
-1.27373
0.093679
-0.831743
0.715962
-1.22718
0.0150895
-2.41324
0.26063
0.0838968
0.49503
-1.03975
0.141006
0.221105
-0.224774
-0.207653
0.284029
-0.690419
1.11174
-0.664556
-1.43916
-0.653305
-0.745616
0.551407
-0.437491
0.67436
-1.07866
-0.427625
-0.828265
-0.42915
-0.390955
0.346807
-0.0105531
-0.13058
-0.102294
-0.532204
0.49505
-0.177511
0.768188
0.774
-0.682523
-0.327728
0.863859
-0.829113
0.466143
-1.67322
0.0584487
-1.82691
0.0181018
-0.498942
0.838181
-0.580474
-0.443601
0.492191
-0.971209
-0.890928
-0.4657
0.517446
-0.0386171
1.69863
-0.421516
0.12426
-0.897941
0.469011
0.0808296
-0.891778
0.274529
0.39064
0.367003
-0.732318
-1.04653
-0.648328
-1.07289
-0.325831
-0.46602
1.44352
0.49084
0.4972
-0.470767
0.787685
0.127215
0.176246
-0.344427
0.538399
-0.54598
-0.717993
-1.33306
-0.810012
-0.455423
0.256221
-0.362269
1.13651
1.16568
-0.819193
-0.617979
0.997823
0.299059
0.819658
0.762798
-1.31527
0.239348
0.765327
-0.167928
-1.04919
-0.897274
-0.891233
-0.237885
0.728385
0.359247
-1.33179
0.435818
-0.394223
-1.28283
0.0814202
0.49627
0.493054
0.339085
-1.41795
-0.4276
-0.997898
0.0274822
0.206431
-0.339535
-1.1838
0.618711
0.16683
-0.547964
-0.267245
-1.7924
-0.779113
0.0855623
0.684546
-0.0965361
-1.13599
0.473082
-1.12606
-0.818905
1.42978
-0.052098
1.52649
-0.600319
-1.01262
-1.23965
-0.231632
-1.08221
-1.97521
-1.18012
-1.24656
-1.96433
-0.100652
-0.159686
-0.500716
-1.20715
-2.23408
0.788614
0.0822812
-0.379611
-0.248722
-0.75608
-1.28445
0.474068
0.0765029
0.299809
0.918611
-0.123224
-1.73767
0.744617
-0.237523
-0.206397
1.08353
-0.474771
-1.31157
-0.464667
-1.57298
-0.622318
-0.194528
-1.08958
0.233578
-0.308888
-0.898879
-0.246961
-0.310146
-0.405043
0.0503329
-0.0935289
-0.599001
-0.223453
1.05134
0.252979
1.98169
-0.768976
1.38391
0.510087
-0.187306
-0.132057
0.554704
-1.39087
-0.329543
0.58461
-0.193667
-2.14804
0.0818184
-0.244523
0.10282
-1.18395
-0.838135
-1.15703
-2.24787
-0.98936
-1.26693
-0.634986
-1.4704
-1.29338
-1.32883
0.644374
-0.221236
-0.703872
-0.239416
-0.483519
0.52577
-1.1824
0.820789
-1.07921
-0.146715
0.848518
0.454742
-0.288709
0.584629
-0.0453678
-0.519137
0.17003
-0.389645
-0.453307
-0.381531
-0.731477
-0.675576
-0.17091
-0.00868909
-1.04406
-1.52703
0.897093
-1.87709
-0.406697
-0.810964
0.505145
0.00166413
-0.216938
-0.957954
-0.140003
1.20206
0.0488927
-0.399942
0.90559
-0.956017
-1.038
0.527305
0.168155
1.16388
-0.131538
0.856247
1.23833
-0.802442
0.132854
-1.48737
-1.09408
-1.6175
-0.631128
-0.82395
-0.68733
-0.414701
-0.0179317
0.756152
-0.882416
-0.726454
-1.07901
0.0483453
-0.972045
-0.830472
