-0.915172
1.83643
-0.300274
-1.99789
-0.375624
-0.376629
-1.25697
0.978108
1.17944
0.745516
0.57814
-0.975933
-0.576057
-0.759833
-0.540152
0.314921
1.23251
2.17283
0.439965
2.00206
0.905699
0.877482
0.324786
-0.629863
3.57845
-0.754759
-0.911009
0.375897
-1.80573
-1.17007
-1.13926
-0.855272
-0.64468
-1.28243
-1.20286
0.387445
2.11514
0.264337
2.32149
2.69168
1.86595
1.65389
2.11784
0.999793
1.15385
1.35396
1.64452
0.226983
1.1686
1.12214
1.18341
1.01438
0.467836
0.812423
0.622454
0.371797
0.836698
-1.09665
1.40592
2.5922
0.728531
-0.296401
-1.28952
1.62235
2.68816
1.23152
-1.16769
-0.6501
-0.0461054
-1.44144
-0.603293
-1.10612
-0.676014
-1.78778
0.184747
0.364169
-0.229065
0.535252
-0.900849
0.894756
-0.451087
-0.119645
-0.203997
0.648343
-1.38424
-0.473091
-0.87086
0.825904
0.28017
-0.529288
0.971301
2.79356
1.72197
1.65209
-0.0512712
0.652507
-0.882226
-0.455644
2.01529
0.969635
0.258849
0.854331
1.16219
0.175335
1.38956
1.43258
1.04441
1.92716
1.2261
2.35533
0.43251
0.663468
1.63161
1.69559
1.19621
-0.356314
1.13046
1.62342
0.299912
2.18751
-0.588893
0.785956
0.485484
0.34363
-1.71956
0.475986
-0.0574577
1.24752
-0.339692
-0.530084
2.68539
3.21054
-0.245601
1.14605
0.715363
2.24227
0.405124
1.70134
-0.796086
-0.0313408
0.942652
0.0347948
0.639969
-0.656612
-0.595482
1.18965
1.78242
1.54639
0.0316841
-0.957357
-1.86467
0.553273
-2.78249
0.320385
-0.664813
1.54744
3.15562
-0.3499
1.88068
-1.00159
-0.61393
-1.86955
0.0461169
1.87362
1.73649
3.12475
1.63683
0.556554
2.48859
-0.902256
0.146894
1.56416
0.913702
-0.875658
0.533415
1.29441
0.665526
2.767
1.01868
0.442514
-1.19373
2.05608
-0.481164
-1.63943
-1.34544
-0.032919
0.302561
0.500802
0.452538
-0.639177
-2.75216
-1.57298
-0.446793
-0.581371
-0.348243
0.673068
0.573366
1.08393
-0.0844027
1.64387
1.21029
0.837687
1.71901
-1.40746
-0.905737
-2.53932
-0.691539
-0.969349
-1.30125
-1.35636
-1.14721
-2.2091
-2.02426
-0.529928
-1.77889
0.809932
2.53767
0.604939
1.99479
2.2177
1.96137
0.393115
1.01685
0.0300147
0.112293
0.169045
1.65039
0.13753
0.511576
0.948585
0.376962
0.76443
-0.330183
1.49528
1.13737
-0.282237
-0.843414
-1.7955
-0.191255
1.85281
1.65135
-0.143111
-1.63398
2.53186
1.77154
1.19567
-3.22783
-1.55378
-0.263066
-1.84483
-1.30119
-1.68353
-2.80027
-3.11344
-0.965638
-0.376217
-1.05307
-0.971971
-2.43811
-2.5724
-1.75096
-1.13412
1.22184
0.115924
-1.84746
-1.49997
-2.21579
1.17281
0.398616
0.522194
2.50286
2.08606
2.10579
-0.0316002
-1.96177
-0.0309543
-1.18453
-1.6385
0.187144
0.215541
1.43279
1.5476
1.16116
-0.442841
1.12088
1.00384
1.4523
1.52721
0.877413
1.11513
0.628981
0.0569686
1.84759
1.87718
2.8407
-0.85628
0.625297
2.26923
0.292838
1.72415
0.0536791
1.07321
1.6728
0.699224
-1.46307
0.560319
0.82754
-0.382484
-0.962844
-1.08412
1.29536
1.34854
-1.06314
0.675101
1.58225
0.3938
-0.198
1.19973
-1.38997
0.308455
1.04675
-0.473795
-0.0733282
-1.72869
-0.945786
1.16749
0.958898
-0.377483
-2.88889
-2.81103
-2.25031
0.869376
-1.18256
-1.21043
-0.380587
1.88585
2.65905
1.17328
2.16971
-0.583961
-1.25396
-2.13781
0.847941
1.62876
2.67485
2.06686
1.65178
0.546808
1.39069
-1.4521
-2.12677
0.757537
0.0190134
-0.490741
1.51228
1.16312
-0.517189
1.65786
1.08857
-1.65457
0.826722
1.7751
2.38381
1.32733
0.151278
0.344886
1.33655
1.06292
0.986807
0.213563
0.31758
-0.627344
0.423849
2.43687
0.713202
1.75307
-0.318406
0.87085
0.309243
0.518111
0.244864
-0.0630878
-0.731506
0.127349
0.868279
-0.113678
0.913851
-1.22944
-0.460869
0.284828
1.58313
-0.0882558
1.46148
0.480322
-0.293198
-1.94235
-0.450715
-1.46056
2.70364
-0.221561
-0.550901
0.153917
0.826142
0.356131
0.726255
1.05473
1.15289
0.717095
0.944591
2.29364
1.28132
0.51728
2.20656
1.02666
0.552236
0.11648
0.403943
0.892431
-0.319875
-0.673095
1.21651
0.242918
0.542711
0.839482
0.513731
-0.329227
-0.309777
1.01635
2.57025
1.21035
0.696736
0.461294
1.106
-0.0444659
0.918235
-0.0931433
1.04929
0.404921
-0.189173
0.697832
-0.720245
-0.310426
0.703739
3.10966
1.42081
-0.0660393
1.09562
2.23199
1.92114
0.808825
0.681921
0.51034
0.526837
1.15285
1.30909
-0.466409
-0.401257
1.12603
-1.0177
1.68001
0.802587
-0.260106
0.231421
-1.20236
0.226113
0.0789605
0.420106
2.93
-0.216045
1.45559
2.52705
1.14365
0.500136
1.73872
0.846448
1.97702
0.175465
0.990112
0.321309
0.358017
1.12736
0.613052
1.28184
0.412066
0.102538
1.49944
1.26246
1.58816
-0.504737
-0.0919768
0.0356862
-0.559702
1.73433
-0.429701
1.49453
0.731406
-0.572003
1.36927
0.561829
0.690048
1.36721
0.316682
0.209686
-0.0870981
-0.23079
0.276232
1.46968
0.921874
0.630227
-0.447565
0.74453
1.50738
0.705717
0.783178
0.639812
0.409159
0.968764
0.264905
1.45857
0.629163
0.517468
0.35884
1.23219
-0.232009
0.479982
0.926813
0.411116
0.834966
1.46034
1.6049
1.09907
0.261537
0.211581
2.21353
0.780819
1.23332
0.163397
-0.651919
-0.872449
0.868277
0.0235267
-0.207059
1.49644
2.05219
1.9354
-1.02767
-0.233147
1.27591
0.892544
1.56388
-0.128742
1.24211
-0.552839
0.0790379
1.29983
0.328512
0.123137
0.0908244
0.702414
1.47549
0.487583
-0.786779
0.232481
1.73479
-1.13216
-0.951628
-1.78549
-0.72517
-0.712368
0.868795
0.560015
-1.0289
-1.02687
0.295788
-1.18497
-0.760571
-0.201621
0.12465
0.453213
1.02523
-0.250313
0.0536282
-0.736686
0.442649
0.046225
0.167773
-0.202848
-0.340944
0.516732
-1.35511
-1.0325
-1.04705
-0.0476155
-0.307344
1.87643
-0.254978
0.985672
1.64024
0.618757
-0.0429068
-0.992421
0.153992
0.15748
-0.525546
-0.227458
0.622542
0.30882
-0.802303
-0.712642
-2.68207
0.271196
-0.64406
0.21931
1.07653
0.716267
0.757893
0.959216
-0.466577
0.254777
1.13344
1.43752
-0.578901
1.71294
0.12892
1.34598
1.09048
1.17365
0.969848
1.48562
-0.397542
1.03362
0.499511
0.519694
1.18146
-0.00250709
0.231337
1.03259
1.63162
1.69659
0.463581
0.322783
0.21296
-2.05387
1.10339
0.942698
1.60432
-0.516588
0.148654
-0.679475
0.86012
-0.958674
-0.798844
0.254945
1.4909
0.0171375
1.73042
0.885798
0.654314
1.74041
1.61888
1.83004
-0.418427
0.799723
-0.069656
-0.15432
-2.29498
0.748015
0.877963
1.80848
1.61863
-0.0149492
-0.730016
0.613866
1.43393
0.412162
-0.0142208
-0.369601
1.10238
1.2539
2.64305
2.57124
0.615111
-0.440899
1.08613
0.80834
1.92447
1.06691
-0.422468
-0.459431
-0.508881
0.790349
-0.793292
-0.919926
-0.201641
-0.322907
0.807671
1.83485
0.89758
0.853229
0.0828796
-0.685571
1.4798
1.5057
0.733131
1.50974
0.611249
2.53445
0.397493
2.45027
0.686199
-0.512634
-1.5872
-0.555346
0.277103
1.44088
-0.277513
0.143861
-0.0309953
